8,2014-06-04T01:56:02Z,6.947197,79.856567,0,0,0,0
8,2014-06-04T01:56:02Z,6.946837,79.856524,1,1,1,1
8,2014-06-04T01:56:02Z,6.946816,79.856493,2,2,2,2
8,2014-06-04T01:56:02Z,6.946802,79.856462,3,3,3,3
8,2014-06-04T01:56:02Z,6.946784,79.856444,4,4,4,4
8,2014-06-04T01:56:02Z,6.946755,79.856428,5,5,5,5
8,2014-06-04T01:56:02Z,6.946721,79.856423,6,6,6,6
8,2014-06-04T01:56:02Z,6.946689,79.856429,7,7,7,7
8,2014-06-04T01:56:02Z,6.946656,79.856451,8,8,8,8
8,2014-06-04T01:56:02Z,6.946637,79.856478,9,9,9,9
8,2014-06-04T01:56:02Z,6.945481,79.856064,10,10,10,10
8,2014-06-04T01:56:02Z,6.94534,79.856013,11,11,11,11
8,2014-06-04T01:56:02Z,6.945185,79.855944,12,12,12,12
8,2014-06-04T01:56:02Z,6.944856,79.857253,13,13,13,13
8,2014-06-04T01:56:02Z,6.944744,79.857492,14,14,14,14
8,2014-06-04T01:56:02Z,6.944616,79.857752,15,15,15,15
8,2014-06-04T01:56:02Z,6.944523,79.858015,16,16,16,16
8,2014-06-04T01:56:02Z,6.944497,79.858152,17,17,17,17
8,2014-06-04T01:56:02Z,6.944446,79.858316,18,18,18,18
8,2014-06-04T01:56:02Z,6.944459,79.858753,19,19,19,19
8,2014-06-04T01:56:02Z,6.945255,79.858487,20,20,20,20
8,2014-06-04T01:56:02Z,6.946083,79.858222,21,21,21,21
8,2014-06-04T01:56:02Z,6.946404,79.858177,22,22,22,22