5,2014-06-04T01:56:02Z,6.934356,79.854759,0,0,0,0
5,2014-06-04T01:56:02Z,6.934554,79.854313,1,1,1,1
5,2014-06-04T01:56:02Z,6.934797,79.853955,2,2,2,2
5,2014-06-04T01:56:02Z,6.934905,79.853667,3,3,3,3
5,2014-06-04T01:56:02Z,6.934924,79.853597,4,4,4,4
5,2014-06-04T01:56:02Z,6.934922,79.853089,5,5,5,5
5,2014-06-04T01:56:02Z,6.934761,79.852571,6,6,6,6
5,2014-06-04T01:56:02Z,6.934327,79.851275,7,7,7,7
5,2014-06-04T01:56:02Z,6.934315,79.851234,8,8,8,8
5,2014-06-04T01:56:02Z,6.934301,79.851188,9,9,9,9
5,2014-06-04T01:56:02Z,6.934253,79.851049,10,10,10,10
5,2014-06-04T01:56:02Z,6.934176,79.850798,11,11,11,11
5,2014-06-04T01:56:02Z,6.934098,79.850452,12,12,12,12
5,2014-06-04T01:56:02Z,6.934088,79.85024,13,13,13,13
5,2014-06-04T01:56:02Z,6.934092,79.850001,14,14,14,14
5,2014-06-04T01:56:02Z,6.934135,79.849259,15,15,15,15
5,2014-06-04T01:56:02Z,6.934208,79.849206,16,16,16,16
5,2014-06-04T01:56:02Z,6.934168,79.849851,17,17,17,17
5,2014-06-04T01:56:02Z,6.934165,79.850073,18,18,18,18
5,2014-06-04T01:56:02Z,6.934167,79.850283,19,19,19,19
5,2014-06-04T01:56:02Z,6.934221,79.850525,20,20,20,20
5,2014-06-04T01:56:02Z,6.934327,79.850915,21,21,21,21
5,2014-06-04T01:56:02Z,6.934415,79.851166,22,22,22,22
5,2014-06-04T01:56:02Z,6.934427,79.851216,23,23,23,23
5,2014-06-04T01:56:02Z,6.934854,79.852541,24,24,24,24
5,2014-06-04T01:56:02Z,6.935019,79.853074,25,25,25,25
5,2014-06-04T01:56:02Z,6.935022,79.853611,26,26,26,26
5,2014-06-04T01:56:02Z,6.934996,79.853702,27,27,27,27
5,2014-06-04T01:56:02Z,6.934894,79.854011,28,28,28,28
5,2014-06-04T01:56:02Z,6.934639,79.85436,29,29,29,29
5,2014-06-04T01:56:02Z,6.934393,79.854928,30,30,30,30
5,2014-06-04T01:56:02Z,6.934254,79.855397,31,31,31,31
5,2014-06-04T01:56:02Z,6.934175,79.855664,32,32,32,32
5,2014-06-04T01:56:02Z,6.934094,79.855812,33,33,33,33
5,2014-06-04T01:56:02Z,6.933449,79.856463,34,34,34,34
5,2014-06-04T01:56:02Z,6.932707,79.857213,35,35,35,35
5,2014-06-04T01:56:02Z,6.932631,79.85729,36,36,36,36
5,2014-06-04T01:56:02Z,6.932523,79.857399,37,37,37,37
5,2014-06-04T01:56:02Z,6.932225,79.857723,38,38,38,38
5,2014-06-04T01:56:02Z,6.932096,79.857942,39,39,39,39
5,2014-06-04T01:56:02Z,6.932018,79.858742,40,40,40,40
5,2014-06-04T01:56:02Z,6.931954,79.859392,41,41,41,41
5,2014-06-04T01:56:02Z,6.932033,79.859793,42,42,42,42
5,2014-06-04T01:56:02Z,6.932316,79.860428,43,43,43,43
5,2014-06-04T01:56:02Z,6.932363,79.860542,44,44,44,44
5,2014-06-04T01:56:02Z,6.93239,79.860641,45,45,45,45
5,2014-06-04T01:56:02Z,6.932417,79.86074,46,46,46,46
5,2014-06-04T01:56:02Z,6.932469,79.860978,47,47,47,47
5,2014-06-04T01:56:02Z,6.932572,79.861584,48,48,48,48
5,2014-06-04T01:56:02Z,6.932705,79.862101,49,49,49,49
5,2014-06-04T01:56:02Z,6.932888,79.862555,50,50,50,50
5,2014-06-04T01:56:02Z,6.933664,79.864615,51,51,51,51
5,2014-06-04T01:56:02Z,6.934042,79.865078,52,52,52,52
5,2014-06-04T01:56:02Z,6.934252,79.865374,53,53,53,53
5,2014-06-04T01:56:02Z,6.934402,79.865585,54,54,54,54
5,2014-06-04T01:56:02Z,6.934572,79.865939,55,55,55,55
5,2014-06-04T01:56:02Z,6.934601,79.865967,56,56,56,56
5,2014-06-04T01:56:02Z,6.934656,79.851959,57,57,57,57
5,2014-06-04T01:56:02Z,6.932757,79.862581,58,58,58,58
5,2014-06-04T01:56:02Z,6.933411,79.864265,59,59,59,59
5,2014-06-04T01:56:02Z,6.933568,79.864671,60,60,60,60
5,2014-06-04T01:56:02Z,6.933955,79.865145,61,61,61,61
5,2014-06-04T01:56:02Z,6.934144,79.865417,62,62,62,62