4,2014-06-04T12:50:09Z,6.88459,79.86053,0,0,0,0
4,2014-06-04T12:50:09Z,6.88475,79.86049,1,1,1,1
4,2014-06-04T12:50:09Z,6.88487,79.86042,2,2,2,2
4,2014-06-04T12:50:09Z,6.88487,79.86042,2,2,2,2
4,2014-06-04T12:50:09Z,6.88487,79.86042,2,2,2,2
4,2014-06-04T12:50:09Z,6.88487,79.86042,2,2,2,2
4,2014-06-04T12:50:09Z,6.88487,79.86042,2,2,2,2
4,2014-06-04T12:50:09Z,6.88503,79.86035,3,3,3,3
4,2014-06-04T12:50:09Z,6.88529,79.86023,4,4,4,4
4,2014-06-04T12:50:09Z,6.88538,79.86019,5,5,5,5
4,2014-06-04T12:50:09Z,6.8855,79.86017,6,6,6,6
4,2014-06-04T12:50:09Z,6.88567,79.86011,7,7,7,7
4,2014-06-04T12:50:09Z,6.88572,79.86009,8,8,8,8
4,2014-06-04T12:50:09Z,6.88578,79.86008,9,9,9,9
4,2014-06-04T12:50:09Z,6.88581,79.86007,10,10,10,10
4,2014-06-04T12:50:09Z,6.88588,79.86006,11,11,11,11
4,2014-06-04T12:50:09Z,6.88595,79.86002,12,12,12,12
4,2014-06-04T12:50:09Z,6.88602,79.86,13,13,13,13
4,2014-06-04T12:50:09Z,6.88608,79.85997,14,14,14,14
4,2014-06-04T12:50:09Z,6.88616,79.85996,15,15,15,15
4,2014-06-04T12:50:09Z,6.88622,79.85994,16,16,16,16
4,2014-06-04T12:50:09Z,6.88628,79.85992,17,17,17,17
4,2014-06-04T12:50:09Z,6.88632,79.8599,18,18,18,18
4,2014-06-04T12:50:09Z,6.88638,79.85989,19,19,19,19
4,2014-06-04T12:50:09Z,6.88643,79.85987,20,20,20,20
4,2014-06-04T12:50:09Z,6.88649,79.85984,21,21,21,21
4,2014-06-04T12:50:09Z,6.88653,79.85983,22,22,22,22
4,2014-06-04T12:50:09Z,6.8866,79.85982,23,23,23,23
4,2014-06-04T12:50:09Z,6.88669,79.85979,24,24,24,24
4,2014-06-04T12:50:09Z,6.88675,79.85975,25,25,25,25
4,2014-06-04T12:50:09Z,6.88681,79.85974,26,26,26,26
4,2014-06-04T12:50:09Z,6.88684,79.85973,27,27,27,27
4,2014-06-04T12:50:09Z,6.88688,79.85973,26,26,26,26
4,2014-06-04T12:50:09Z,6.88696,79.85969,25,25,25,25
4,2014-06-04T12:50:09Z,6.88701,79.85967,24,24,24,24
4,2014-06-04T12:50:09Z,6.8871,79.85965,23,23,23,23
4,2014-06-04T12:50:09Z,6.88715,79.85963,22,22,22,22
4,2014-06-04T12:50:09Z,6.88719,79.85962,21,21,21,21
4,2014-06-04T12:50:09Z,6.88728,79.8596,20,20,20,20
4,2014-06-04T12:50:09Z,6.88733,79.85959,19,19,19,19
4,2014-06-04T12:50:09Z,6.88744,79.85957,18,18,18,18
4,2014-06-04T12:50:09Z,6.88748,79.85955,17,17,17,17
4,2014-06-04T12:50:09Z,6.88755,79.85954,16,16,16,16
4,2014-06-04T12:50:09Z,6.88763,79.85951,15,15,15,15
4,2014-06-04T12:50:09Z,6.88767,79.85951,14,14,14,14
4,2014-06-04T12:50:09Z,6.88774,79.85949,13,13,13,13
4,2014-06-04T12:50:09Z,6.88779,79.85947,12,12,12,12
4,2014-06-04T12:50:09Z,6.88789,79.85945,11,11,11,11
4,2014-06-04T12:50:09Z,6.88795,79.85943,10,10,10,10
4,2014-06-04T12:50:09Z,6.88805,79.85939,9,9,9,9
4,2014-06-04T12:50:09Z,6.88813,79.85937,10,10,10,10
4,2014-06-04T12:50:09Z,6.88829,79.85936,11,11,11,11
4,2014-06-04T12:50:09Z,6.88833,79.85933,12,12,12,12
4,2014-06-04T12:50:09Z,6.8884,79.8593,13,13,13,13
4,2014-06-04T12:50:09Z,6.88846,79.85929,14,14,14,14
4,2014-06-04T12:50:09Z,6.88851,79.85927,15,15,15,15
4,2014-06-04T12:50:09Z,6.88857,79.85924,16,16,16,16
4,2014-06-04T12:50:09Z,6.8887,79.8592,17,17,17,17
4,2014-06-04T12:50:09Z,6.88884,79.85918,18,18,18,18
4,2014-06-04T12:50:09Z,6.88895,79.85916,19,19,19,19
4,2014-06-04T12:50:09Z,6.88917,79.85908,20,20,20,20
4,2014-06-04T12:50:09Z,6.88926,79.85906,21,21,21,21
4,2014-06-04T12:50:09Z,6.88935,79.85901,22,22,22,22
4,2014-06-04T12:50:09Z,6.88946,79.85899,23,23,23,23
4,2014-06-04T12:50:09Z,6.8896,79.85894,24,24,24,24
4,2014-06-04T12:50:09Z,6.88976,79.85889,25,25,25,25
4,2014-06-04T12:50:09Z,6.88979,79.85889,26,26,26,26
4,2014-06-04T12:50:09Z,6.88996,79.85884,27,27,27,27
4,2014-06-04T12:50:09Z,6.89014,79.85878,28,28,28,28
4,2014-06-04T12:50:09Z,6.89023,79.85872,29,29,29,29
4,2014-06-04T12:50:09Z,6.8903,79.8587,30,30,30,30
4,2014-06-04T12:50:09Z,6.8904,79.85868,31,31,31,31
4,2014-06-04T12:50:09Z,6.89051,79.85864,30,30,30,30
4,2014-06-04T12:50:09Z,6.89059,79.85861,29,29,29,29
4,2014-06-04T12:50:09Z,6.89067,79.85859,28,28,28,28
4,2014-06-04T12:50:09Z,6.89085,79.85852,27,27,27,27
4,2014-06-04T12:50:09Z,6.89087,79.85851,26,26,26,26
4,2014-06-04T12:50:09Z,6.89091,79.85847,25,25,25,25
4,2014-06-04T12:50:09Z,6.89084,79.8584,24,24,24,24
4,2014-06-04T12:50:09Z,6.89083,79.85835,23,23,23,23
4,2014-06-04T12:50:09Z,6.89082,79.85828,22,22,22,22
4,2014-06-04T12:50:09Z,6.8908,79.85822,21,21,21,21
4,2014-06-04T12:50:09Z,6.89078,79.85802,20,20,20,20
4,2014-06-04T12:50:09Z,6.89075,79.85793,19,19,19,19
4,2014-06-04T12:50:09Z,6.89068,79.85771,18,18,18,18
4,2014-06-04T12:50:09Z,6.89068,79.85756,17,17,17,17
4,2014-06-04T12:50:09Z,6.89067,79.85746,16,16,16,16
4,2014-06-04T12:50:09Z,6.89064,79.85735,15,15,15,15
4,2014-06-04T12:50:09Z,6.8906,79.85727,14,14,14,14
4,2014-06-04T12:50:09Z,6.89055,79.85712,13,13,13,13
4,2014-06-04T12:50:09Z,6.89052,79.85696,12,12,12,12
4,2014-06-04T12:50:09Z,6.89051,79.85695,11,11,11,11
4,2014-06-04T12:50:09Z,6.8905,79.85684,10,10,10,10
4,2014-06-04T12:50:09Z,6.89047,79.85677,9,9,9,9
4,2014-06-04T12:50:09Z,6.89046,79.85663,9,9,9,9
4,2014-06-04T12:50:09Z,6.89045,79.85659,9,9,9,9
4,2014-06-04T12:50:09Z,6.89043,79.85654,9,9,9,9
4,2014-06-04T12:50:09Z,6.89044,79.85651,9,9,9,9
4,2014-06-04T12:50:09Z,6.89061,79.85646,9,9,9,9
4,2014-06-04T12:50:09Z,6.8907,79.85642,9,9,9,9
4,2014-06-04T12:50:09Z,6.89077,79.85638,9,9,9,9
4,2014-06-04T12:50:09Z,6.8908,79.85638,9,9,9,9
4,2014-06-04T12:50:09Z,6.89088,79.85635,9,9,9,9
4,2014-06-04T12:50:09Z,6.89094,79.85634,9,9,9,9
4,2014-06-04T12:50:09Z,6.89097,79.85632,9,9,9,9
4,2014-06-04T12:50:09Z,6.89103,79.85631,9,9,9,9
4,2014-06-04T12:50:09Z,6.89107,79.85631,9,9,9,9
4,2014-06-04T12:50:09Z,6.89107,79.85631,9,9,9,9
4,2014-06-04T12:50:09Z,6.8911,79.85627,9,9,9,9
4,2014-06-04T12:50:09Z,6.89117,79.85627,9,9,9,9
4,2014-06-04T12:50:09Z,6.89122,79.85626,9,9,9,9
4,2014-06-04T12:50:09Z,6.89123,79.85626,10,10,10,10
4,2014-06-04T12:50:09Z,6.89126,79.85624,11,11,11,11
4,2014-06-04T12:50:09Z,6.89129,79.85623,12,12,12,12
4,2014-06-04T12:50:09Z,6.8913,79.85623,13,13,13,13
4,2014-06-04T12:50:09Z,6.89131,79.85622,14,14,14,14
4,2014-06-04T12:50:09Z,6.89133,79.85621,15,15,15,15
4,2014-06-04T12:50:09Z,6.89138,79.8562,16,16,16,16
4,2014-06-04T12:50:09Z,6.89139,79.8562,17,17,17,17
4,2014-06-04T12:50:09Z,6.8914,79.8562,18,18,18,18
4,2014-06-04T12:50:09Z,6.89142,79.85619,19,19,19,19
4,2014-06-04T12:50:09Z,6.89143,79.85618,20,20,20,20
4,2014-06-04T12:50:09Z,6.89145,79.85618,21,21,21,21
4,2014-06-04T12:50:09Z,6.89148,79.85617,22,22,22,22