7,2014-06-04T01:56:02Z,6.878294,79.876328,0,0,0,0
7,2014-06-04T01:56:02Z,6.878302,79.876295,1,1,1,1
7,2014-06-04T01:56:02Z,6.878343,79.876128,2,2,2,2
7,2014-06-04T01:56:02Z,6.878501,79.875385,3,3,3,3
7,2014-06-04T01:56:02Z,6.87866,79.874522,4,4,4,4
7,2014-06-04T01:56:02Z,6.878702,79.874069,5,5,5,5
7,2014-06-04T01:56:02Z,6.878726,79.873914,6,6,6,6
7,2014-06-04T01:56:02Z,6.878735,79.873824,7,7,7,7
7,2014-06-04T01:56:02Z,6.878738,79.873725,8,8,8,8
7,2014-06-04T01:56:02Z,6.878738,79.873655,9,9,9,9
7,2014-06-04T01:56:02Z,6.878728,79.87354,10,10,10,10
7,2014-06-04T01:56:02Z,6.878655,79.873128,11,11,11,11
7,2014-06-04T01:56:02Z,6.878556,79.8727,12,12,12,12
7,2014-06-04T01:56:02Z,6.878524,79.872562,13,13,13,13
7,2014-06-04T01:56:02Z,6.878503,79.87208,14,14,14,14
7,2014-06-04T01:56:02Z,6.878512,79.871964,15,15,15,15
7,2014-06-04T01:56:02Z,6.878549,79.871816,16,16,16,16
7,2014-06-04T01:56:02Z,6.878591,79.87171,17,17,17,17
7,2014-06-04T01:56:02Z,6.878651,79.871601,18,18,18,18
7,2014-06-04T01:56:02Z,6.878703,79.87152,19,19,19,19
7,2014-06-04T01:56:02Z,6.878815,79.871408,20,20,20,20
7,2014-06-04T01:56:02Z,6.87903,79.871239,21,21,21,21
7,2014-06-04T01:56:02Z,6.881294,79.870049,22,22,22,22
7,2014-06-04T01:56:02Z,6.881681,79.869843,23,23,23,23
7,2014-06-04T01:56:02Z,6.881655,79.869831,24,24,24,24
7,2014-06-04T01:56:02Z,6.881633,79.869814,10,10,10,10
7,2014-06-04T01:56:02Z,6.881623,79.869801,11,11,11,11
7,2014-06-04T01:56:02Z,6.881618,79.869794,12,12,12,12
7,2014-06-04T01:56:02Z,6.881604,79.869756,13,13,13,13
7,2014-06-04T01:56:02Z,6.881605,79.869709,14,14,14,14
7,2014-06-04T01:56:02Z,6.881614,79.869685,15,15,15,15
7,2014-06-04T01:56:02Z,6.881627,79.869664,16,16,16,16
7,2014-06-04T01:56:02Z,6.881654,79.86964,17,17,17,17
7,2014-06-04T01:56:02Z,6.881687,79.869626,18,18,18,18
7,2014-06-04T01:56:02Z,6.881719,79.869622,19,19,19,19
7,2014-06-04T01:56:02Z,6.881753,79.869629,20,20,20,20
7,2014-06-04T01:56:02Z,6.881779,79.869643,21,21,21,21
7,2014-06-04T01:56:02Z,6.881801,79.869664,22,22,22,22
7,2014-06-04T01:56:02Z,6.881816,79.869686,23,23,23,23
7,2014-06-04T01:56:02Z,6.881823,79.869708,24,24,24,24
7,2014-06-04T01:56:02Z,6.882183,79.869537,17,17,17,17
7,2014-06-04T01:56:02Z,6.882373,79.869405,18,18,18,18
7,2014-06-04T01:56:02Z,6.882484,79.869322,19,19,19,19
7,2014-06-04T01:56:02Z,6.882599,79.869238,20,20,20,20
7,2014-06-04T01:56:02Z,6.882635,79.869205,21,21,21,21
7,2014-06-04T01:56:02Z,6.882932,79.868929,22,22,22,22
7,2014-06-04T01:56:02Z,6.883347,79.868563,23,23,23,23
7,2014-06-04T01:56:02Z,6.883476,79.868451,24,24,24,24
7,2014-06-04T01:56:02Z,6.883647,79.868312,25,25,25,25
7,2014-06-04T01:56:02Z,6.883813,79.868165,26,26,26,26
7,2014-06-04T01:56:02Z,6.883987,79.868018,27,27,27,27
7,2014-06-04T01:56:02Z,6.884312,79.867756,28,28,28,28
7,2014-06-04T01:56:02Z,6.884496,79.867611,29,29,29,29
7,2014-06-04T01:56:02Z,6.884668,79.867455,30,30,30,30
7,2014-06-04T01:56:02Z,6.884993,79.867069,31,31,31,31
7,2014-06-04T01:56:02Z,6.885024,79.867022,32,32,32,32
7,2014-06-04T01:56:02Z,6.885133,79.86686,33,33,33,33
7,2014-06-04T01:56:02Z,6.885311,79.866564,34,34,34,34
7,2014-06-04T01:56:02Z,6.885522,79.86622,35,35,35,35
7,2014-06-04T01:56:02Z,6.885726,79.865909,36,36,36,36
7,2014-06-04T01:56:02Z,6.886046,79.865545,37,37,37,37
7,2014-06-04T01:56:02Z,6.886377,79.86526,0,0,0,0
7,2014-06-04T01:56:02Z,6.886482,79.865169,1,1,1,1
7,2014-06-04T01:56:02Z,6.886919,79.864869,2,2,2,2
7,2014-06-04T01:56:02Z,6.887857,79.864388,3,3,3,3
7,2014-06-04T01:56:02Z,6.888115,79.86425,4,4,4,4
7,2014-06-04T01:56:02Z,6.889553,79.863938,5,5,5,5
7,2014-06-04T01:56:02Z,6.890408,79.863738,6,6,6,6
7,2014-06-04T01:56:02Z,6.890585,79.863686,7,7,7,7
7,2014-06-04T01:56:02Z,6.890911,79.863579,8,8,8,8
7,2014-06-04T01:56:02Z,6.891151,79.863272,9,9,9,9
7,2014-06-04T01:56:02Z,6.891365,79.863015,10,10,10,10
7,2014-06-04T01:56:02Z,6.891968,79.862463,11,11,11,11
7,2014-06-04T01:56:02Z,6.89277,79.862062,12,12,12,12
7,2014-06-04T01:56:02Z,6.893545,79.861884,13,13,13,13
7,2014-06-04T01:56:02Z,6.894076,79.861763,14,14,14,14
7,2014-06-04T01:56:02Z,6.894366,79.861511,15,15,15,15
7,2014-06-04T01:56:02Z,6.894766,79.861228,16,16,16,16
7,2014-06-04T01:56:02Z,6.894843,79.86118,17,17,17,17
7,2014-06-04T01:56:02Z,6.896057,79.86042,18,18,18,18
7,2014-06-04T01:56:02Z,6.89679,79.859931,19,19,19,19
7,2014-06-04T01:56:02Z,6.896951,79.859672,20,20,20,20
7,2014-06-04T01:56:02Z,6.896983,79.859398,21,21,21,21
7,2014-06-04T01:56:02Z,6.896039,79.856762,22,22,22,22
7,2014-06-04T01:56:02Z,6.895773,79.855991,23,23,23,23
7,2014-06-04T01:56:02Z,6.895725,79.855858,24,24,24,24
7,2014-06-04T01:56:02Z,6.895646,79.855618,25,25,25,25
7,2014-06-04T01:56:02Z,6.895552,79.8553,26,26,26,26
7,2014-06-04T01:56:02Z,6.895502,79.855081,27,27,27,27
7,2014-06-04T01:56:02Z,6.895498,79.854967,28,28,28,28
7,2014-06-04T01:56:02Z,6.895539,79.854868,29,29,29,29
7,2014-06-04T01:56:02Z,6.895581,79.854806,30,30,30,30
7,2014-06-04T01:56:02Z,6.895616,79.854794,31,31,31,31
7,2014-06-04T01:56:02Z,6.89587,79.854714,10,10,10,10
7,2014-06-04T01:56:02Z,6.89624,79.854583,11,11,11,11
7,2014-06-04T01:56:02Z,6.896308,79.854555,12,12,12,12
7,2014-06-04T01:56:02Z,6.896591,79.85446,13,13,13,13
7,2014-06-04T01:56:02Z,6.896691,79.854424,14,14,14,14
7,2014-06-04T01:56:02Z,6.896933,79.854341,15,15,15,15
7,2014-06-04T01:56:02Z,6.897048,79.854303,16,16,16,16
7,2014-06-04T01:56:02Z,6.897206,79.854259,17,17,17,17
7,2014-06-04T01:56:02Z,6.897418,79.854189,18,18,18,18
7,2014-06-04T01:56:02Z,6.898168,79.853935,19,19,19,19
7,2014-06-04T01:56:02Z,6.898344,79.853865,20,20,20,20
7,2014-06-04T01:56:02Z,6.899011,79.853657,21,21,21,21
7,2014-06-04T01:56:02Z,6.899109,79.853626,22,22,22,22
7,2014-06-04T01:56:02Z,6.900481,79.853186,23,23,23,23
7,2014-06-04T01:56:02Z,6.900946,79.853033,24,24,24,24
7,2014-06-04T01:56:02Z,6.901263,79.852932,25,25,25,25
7,2014-06-04T01:56:02Z,6.901557,79.852837,26,26,26,26
7,2014-06-04T01:56:02Z,6.902246,79.8526,27,27,27,27
7,2014-06-04T01:56:02Z,6.902426,79.852546,28,28,28,28
7,2014-06-04T01:56:02Z,6.902678,79.852465,29,29,29,29
7,2014-06-04T01:56:02Z,6.902834,79.852406,30,30,30,30
7,2014-06-04T01:56:02Z,6.903132,79.852327,31,31,31,31
7,2014-06-04T01:56:02Z,6.903207,79.852294,32,32,32,32
7,2014-06-04T01:56:02Z,6.903444,79.852217,33,33,33,33
7,2014-06-04T01:56:02Z,6.903714,79.852105,34,34,34,34
7,2014-06-04T01:56:02Z,6.904292,79.851914,35,35,35,35
7,2014-06-04T01:56:02Z,6.904542,79.851827,36,36,36,36
7,2014-06-04T01:56:02Z,6.905035,79.851658,37,37,37,37
7,2014-06-04T01:56:02Z,6.905241,79.851597,38,38,38,38
7,2014-06-04T01:56:02Z,6.905545,79.851508,39,39,39,39
7,2014-06-04T01:56:02Z,6.905653,79.85147,40,40,40,40
7,2014-06-04T01:56:02Z,6.906102,79.851301,41,41,41,41
7,2014-06-04T01:56:02Z,6.906162,79.85128,42,42,42,42
7,2014-06-04T01:56:02Z,6.906479,79.851174,43,43,43,43
7,2014-06-04T01:56:02Z,6.906665,79.851115,44,44,44,44
7,2014-06-04T01:56:02Z,6.906867,79.851051,45,45,45,45
7,2014-06-04T01:56:02Z,6.907051,79.850999,46,46,46,46
7,2014-06-04T01:56:02Z,6.907463,79.850872,47,47,47,47
7,2014-06-04T01:56:02Z,6.907864,79.850739,48,48,48,48
7,2014-06-04T01:56:02Z,6.908089,79.850668,49,49,49,49
7,2014-06-04T01:56:02Z,6.908329,79.850593,50,50,50,50
7,2014-06-04T01:56:02Z,6.908701,79.850476,51,51,51,51
7,2014-06-04T01:56:02Z,6.908786,79.850449,52,52,52,52
7,2014-06-04T01:56:02Z,6.909224,79.850307,53,53,53,53
7,2014-06-04T01:56:02Z,6.909257,79.850301,54,54,54,54
7,2014-06-04T01:56:02Z,6.909603,79.850192,55,55,55,55
7,2014-06-04T01:56:02Z,6.909789,79.850133,56,56,56,56
7,2014-06-04T01:56:02Z,6.909895,79.8501,57,57,57,57
7,2014-06-04T01:56:02Z,6.910177,79.850012,58,58,58,58
7,2014-06-04T01:56:02Z,6.910836,79.8498,59,59,59,59
7,2014-06-04T01:56:02Z,6.911161,79.849702,60,60,60,60
7,2014-06-04T01:56:02Z,6.911242,79.849676,61,61,61,61
7,2014-06-04T01:56:02Z,6.911368,79.849638,62,62,62,62
7,2014-06-04T01:56:02Z,6.911608,79.849664,63,63,63,63
7,2014-06-04T01:56:02Z,6.911735,79.849773,64,64,64,64
7,2014-06-04T01:56:02Z,6.912065,79.850881,65,65,65,65
7,2014-06-04T01:56:02Z,6.912175,79.851258,66,66,66,66
7,2014-06-04T01:56:02Z,6.912289,79.851429,67,67,67,67
7,2014-06-04T01:56:02Z,6.912332,79.851468,68,68,68,68
7,2014-06-04T01:56:02Z,6.91236,79.851519,69,69,69,69
7,2014-06-04T01:56:02Z,6.912368,79.85155,70,70,70,70
7,2014-06-04T01:56:02Z,6.91237,79.851589,71,71,71,71
7,2014-06-04T01:56:02Z,6.912346,79.851666,72,72,72,72
7,2014-06-04T01:56:02Z,6.912291,79.851724,73,73,73,73
7,2014-06-04T01:56:02Z,6.912233,79.851748,74,74,74,74
7,2014-06-04T01:56:02Z,6.912196,79.851752,75,75,75,75
7,2014-06-04T01:56:02Z,6.912134,79.85174,76,76,76,76
7,2014-06-04T01:56:02Z,6.912062,79.85169,77,77,77,77
7,2014-06-04T01:56:02Z,6.912037,79.851647,78,78,78,78
7,2014-06-04T01:56:02Z,6.912024,79.8516,79,79,79,79
7,2014-06-04T01:56:02Z,6.912028,79.851534,80,80,80,80
7,2014-06-04T01:56:02Z,6.912066,79.851461,81,81,81,81