2,2014-06-04T01:56:02Z,6.88856,79.85707,0,0,0,0
2,2014-06-04T01:56:02Z,6.8886,79.85706,1,1,1,1
2,2014-06-04T01:56:02Z,6.88863,79.85705,2,2,2,2
2,2014-06-04T01:56:02Z,6.88865,79.85704,3,3,3,3
2,2014-06-04T01:56:02Z,6.88869,79.85703,4,4,4,4
2,2014-06-04T01:56:02Z,6.88871,79.85703,5,5,5,5
2,2014-06-04T01:56:02Z,6.88874,79.85702,6,6,6,6
2,2014-06-04T01:56:02Z,6.88877,79.85701,7,7,7,7
2,2014-06-04T01:56:02Z,6.88881,79.857,8,8,8,8
2,2014-06-04T01:56:02Z,6.88884,79.85699,9,9,9,9
2,2014-06-04T01:56:02Z,6.88887,79.85698,10,10,10,10
2,2014-06-04T01:56:02Z,6.88889,79.85697,11,11,11,11
2,2014-06-04T01:56:02Z,6.88893,79.85696,12,12,12,12
2,2014-06-04T01:56:02Z,6.88895,79.85695,13,13,13,13
2,2014-06-04T01:56:02Z,6.88898,79.85694,14,14,14,14
2,2014-06-04T01:56:02Z,6.88901,79.85693,15,15,15,15
2,2014-06-04T01:56:02Z,6.88904,79.85692,16,16,16,16
2,2014-06-04T01:56:02Z,6.88907,79.85692,17,17,17,17
2,2014-06-04T01:56:02Z,6.88909,79.85691,18,18,18,18
2,2014-06-04T01:56:02Z,6.88911,79.8569,19,19,19,19
2,2014-06-04T01:56:02Z,6.88912,79.85693,20,20,20,20
2,2014-06-04T01:56:02Z,6.88912,79.85697,21,21,21,21
2,2014-06-04T01:56:02Z,6.88913,79.85699,22,22,22,22
2,2014-06-04T01:56:02Z,6.88914,79.85702,23,23,23,23
2,2014-06-04T01:56:02Z,6.88915,79.85705,24,24,24,24
2,2014-06-04T01:56:02Z,6.88916,79.85709,25,25,25,25
2,2014-06-04T01:56:02Z,6.88916,79.85712,26,26,26,26
2,2014-06-04T01:56:02Z,6.88917,79.85715,27,27,27,27
2,2014-06-04T01:56:02Z,6.88918,79.85718,28,28,28,28
2,2014-06-04T01:56:02Z,6.88919,79.85722,29,29,29,29
2,2014-06-04T01:56:02Z,6.8892,79.85725,30,30,30,30
2,2014-06-04T01:56:02Z,6.88921,79.85728,31,31,31,31
2,2014-06-04T01:56:02Z,6.88922,79.85732,32,32,32,32
2,2014-06-04T01:56:02Z,6.88923,79.85736,33,33,33,33
2,2014-06-04T01:56:02Z,6.88924,79.8574,34,34,34,34
2,2014-06-04T01:56:02Z,6.88925,79.85744,0,0,0,0
2,2014-06-04T01:56:02Z,6.88926,79.85747,1,1,1,1
2,2014-06-04T01:56:02Z,6.88927,79.85751,2,2,2,2
2,2014-06-04T01:56:02Z,6.88928,79.85755,3,3,3,3
2,2014-06-04T01:56:02Z,6.88929,79.85758,4,4,4,4
2,2014-06-04T01:56:02Z,6.88929,79.8576,5,5,5,5
2,2014-06-04T01:56:02Z,6.8893,79.85764,6,6,6,6
2,2014-06-04T01:56:02Z,6.88931,79.85765,7,7,7,7
2,2014-06-04T01:56:02Z,6.88932,79.85769,8,8,8,8
2,2014-06-04T01:56:02Z,6.88933,79.85772,9,9,9,9
2,2014-06-04T01:56:02Z,6.88933,79.85774,10,10,10,10
2,2014-06-04T01:56:02Z,6.88934,79.85776,11,11,11,11
2,2014-06-04T01:56:02Z,6.88934,79.85778,12,12,12,12
2,2014-06-04T01:56:02Z,6.88935,79.8578,13,13,13,13
2,2014-06-04T01:56:02Z,6.88935,79.85784,14,14,14,14
2,2014-06-04T01:56:02Z,6.88936,79.85786,15,15,15,15
2,2014-06-04T01:56:02Z,6.88937,79.8579,16,16,16,16
2,2014-06-04T01:56:02Z,6.88938,79.85794,17,17,17,17
2,2014-06-04T01:56:02Z,6.88939,79.85798,18,18,18,18
2,2014-06-04T01:56:02Z,6.8894,79.85801,19,19,19,19
2,2014-06-04T01:56:02Z,6.88941,79.85805,20,20,20,20
2,2014-06-04T01:56:02Z,6.88942,79.85808,21,21,21,21
2,2014-06-04T01:56:02Z,6.88944,79.85813,22,22,22,22
2,2014-06-04T01:56:02Z,6.88944,79.85816,23,23,23,23
2,2014-06-04T01:56:02Z,6.88945,79.8582,0,0,0,0
2,2014-06-04T01:56:02Z,6.88946,79.85823,1,1,1,1
2,2014-06-04T01:56:02Z,6.88947,79.85826,2,2,2,2
2,2014-06-04T01:56:02Z,6.88948,79.85828,3,3,3,3
2,2014-06-04T01:56:02Z,6.88949,79.85832,4,4,4,4
2,2014-06-04T01:56:02Z,6.88949,79.85835,5,5,5,5
2,2014-06-04T01:56:02Z,6.8895,79.85839,6,6,6,6
2,2014-06-04T01:56:02Z,6.88951,79.85842,7,7,7,7
2,2014-06-04T01:56:02Z,6.88952,79.85845,8,8,8,8
2,2014-06-04T01:56:02Z,6.88953,79.85848,9,9,9,9
2,2014-06-04T01:56:02Z,6.88953,79.8585,10,10,10,10
2,2014-06-04T01:56:02Z,6.88953,79.85852,11,11,11,11
2,2014-06-04T01:56:02Z,6.88955,79.85854,12,12,12,12
2,2014-06-04T01:56:02Z,6.88955,79.85857,13,13,13,13
2,2014-06-04T01:56:02Z,6.88956,79.8586,14,14,14,14
2,2014-06-04T01:56:02Z,6.88957,79.85862,15,15,15,15
2,2014-06-04T01:56:02Z,6.88957,79.85865,16,16,16,16
2,2014-06-04T01:56:02Z,6.88958,79.85867,17,17,17,17
2,2014-06-04T01:56:02Z,6.88959,79.8587,18,18,18,18
2,2014-06-04T01:56:02Z,6.88959,79.85873,19,19,19,19
2,2014-06-04T01:56:02Z,6.8896,79.85875,20,20,20,20
2,2014-06-04T01:56:02Z,6.88961,79.85876,21,21,21,21
2,2014-06-04T01:56:02Z,6.88961,79.85879,22,22,22,22
2,2014-06-04T01:56:02Z,6.88962,79.85881,23,23,23,23
2,2014-06-04T01:56:02Z,6.88962,79.85884,24,24,24,24
2,2014-06-04T01:56:02Z,6.88963,79.85886,25,25,25,25
2,2014-06-04T01:56:02Z,6.88963,79.85888,26,26,26,26
2,2014-06-04T01:56:02Z,6.88964,79.85891,27,27,27,27
2,2014-06-04T01:56:02Z,6.88965,79.85893,28,28,28,28
2,2014-06-04T01:56:02Z,6.88965,79.85895,0,0,0,0
2,2014-06-04T01:56:02Z,6.88963,79.85896,1,1,1,1
2,2014-06-04T01:56:02Z,6.88959,79.85898,2,2,2,2
2,2014-06-04T01:56:02Z,6.88956,79.85898,3,3,3,3
2,2014-06-04T01:56:02Z,6.88953,79.85899,4,4,4,4
2,2014-06-04T01:56:02Z,6.8895,79.859,5,5,5,5
2,2014-06-04T01:56:02Z,6.88947,79.85901,6,6,6,6
2,2014-06-04T01:56:02Z,6.88944,79.85902,7,7,7,7
2,2014-06-04T01:56:02Z,6.88943,79.85902,8,8,8,8
2,2014-06-04T01:56:02Z,6.88939,79.85903,9,9,9,9
2,2014-06-04T01:56:02Z,6.88936,79.85904,10,10,10,10
2,2014-06-04T01:56:02Z,6.88933,79.85905,11,11,11,0
2,2014-06-04T01:56:02Z,6.88933,79.85905,11,11,11,0
2,2014-06-04T01:56:02Z,6.88933,79.85905,11,11,11,0
2,2014-06-04T01:56:02Z,6.88933,79.85905,11,11,11,0
2,2014-06-04T01:56:02Z,6.88933,79.85905,11,11,11,0
2,2014-06-04T01:56:02Z,6.88933,79.85905,11,11,11,0
2,2014-06-04T01:56:02Z,6.88933,79.85905,11,11,11,0
2,2014-06-04T01:56:02Z,6.88933,79.85905,11,11,11,0
2,2014-06-04T01:56:02Z,6.88933,79.85905,11,11,11,0
2,2014-06-04T01:56:02Z,6.88933,79.85905,11,11,11,0
2,2014-06-04T01:56:02Z,6.88933,79.85905,11,11,11,0
2,2014-06-04T01:56:02Z,6.88933,79.85905,11,11,11,0
2,2014-06-04T01:56:02Z,6.88933,79.85905,11,11,11,0
2,2014-06-04T01:56:02Z,6.88933,79.85905,11,11,11,0
2,2014-06-04T01:56:02Z,6.88933,79.85905,11,11,11,0
2,2014-06-04T01:56:02Z,6.88933,79.85905,11,11,11,0
2,2014-06-04T01:56:02Z,6.88933,79.85905,11,11,11,0
2,2014-06-04T01:56:02Z,6.88933,79.85905,11,11,11,0
2,2014-06-04T01:56:02Z,6.88933,79.85905,11,11,11,0
2,2014-06-04T01:56:02Z,6.88933,79.85905,11,11,11,0
2,2014-06-04T01:56:02Z,6.88933,79.85905,11,11,11,0
2,2014-06-04T01:56:02Z,6.88933,79.85905,11,11,11,0
2,2014-06-04T01:56:02Z,6.88933,79.85905,11,11,11,0
2,2014-06-04T01:56:02Z,6.88933,79.85905,11,11,11,0
2,2014-06-04T01:56:02Z,6.88933,79.85905,11,11,11,0
2,2014-06-04T01:56:02Z,6.88933,79.85905,11,11,11,0
2,2014-06-04T01:56:02Z,6.88933,79.85905,11,11,11,0
2,2014-06-04T01:56:02Z,6.88933,79.85905,11,11,11,0
2,2014-06-04T01:56:02Z,6.88933,79.85905,11,11,11,0
2,2014-06-04T01:56:02Z,6.88933,79.85905,11,11,11,0
2,2014-06-04T01:56:02Z,6.88933,79.85905,11,11,11,0
2,2014-06-04T01:56:02Z,6.88933,79.85905,11,11,11,0
2,2014-06-04T01:56:02Z,6.88933,79.85905,11,11,11,0
2,2014-06-04T01:56:02Z,6.88933,79.85905,11,11,11,0
2,2014-06-04T01:56:02Z,6.88933,79.85905,11,11,11,0
2,2014-06-04T01:56:02Z,6.88933,79.85905,11,11,11,0
2,2014-06-04T01:56:02Z,6.88933,79.85905,11,11,11,0
2,2014-06-04T01:56:02Z,6.88933,79.85905,11,11,11,0
2,2014-06-04T01:56:02Z,6.88933,79.85905,11,11,11,0
2,2014-06-04T01:56:02Z,6.88933,79.85905,11,11,11,0
2,2014-06-04T01:56:02Z,6.88933,79.85905,11,11,11,0
2,2014-06-04T01:56:02Z,6.88933,79.85905,11,11,11,0
2,2014-06-04T01:56:02Z,6.88933,79.85905,11,11,11,0
2,2014-06-04T01:56:02Z,6.88933,79.85905,11,11,11,0
2,2014-06-04T01:56:02Z,6.88933,79.85905,11,11,11,0
2,2014-06-04T01:56:02Z,6.88933,79.85905,11,11,11,0
2,2014-06-04T01:56:02Z,6.88933,79.85905,11,11,11,0
2,2014-06-04T01:56:02Z,6.88933,79.85905,11,11,11,0
2,2014-06-04T01:56:02Z,6.88933,79.85905,11,11,11,0
2,2014-06-04T01:56:02Z,6.88933,79.85905,11,11,11,0
2,2014-06-04T01:56:02Z,6.88933,79.85905,11,11,11,0
2,2014-06-04T01:56:02Z,6.88933,79.85905,11,11,11,0
2,2014-06-04T01:56:02Z,6.88933,79.85905,11,11,11,0
2,2014-06-04T01:56:02Z,6.88933,79.85905,11,11,11,0
2,2014-06-04T01:56:02Z,6.88933,79.85905,11,11,11,0
2,2014-06-04T01:56:02Z,6.88933,79.85905,11,11,11,0
2,2014-06-04T01:56:02Z,6.88933,79.85905,11,11,11,0
2,2014-06-04T01:56:02Z,6.88933,79.85905,11,11,11,0
2,2014-06-04T01:56:02Z,6.88933,79.85905,11,11,11,0
2,2014-06-04T01:56:02Z,6.88933,79.85905,11,11,11,0
2,2014-06-04T01:56:02Z,6.88933,79.85905,11,11,11,1
2,2014-06-04T01:56:02Z,6.88933,79.85905,11,11,11,2
2,2014-06-04T01:56:02Z,6.88933,79.85905,11,11,11,2
2,2014-06-04T01:56:02Z,6.88933,79.85905,11,11,11,3
2,2014-06-04T01:56:02Z,6.8893,79.85906,12,12,12,12
2,2014-06-04T01:56:02Z,6.88927,79.85907,13,13,13,13
2,2014-06-04T01:56:02Z,6.88924,79.85907,14,14,14,14
2,2014-06-04T01:56:02Z,6.88921,79.85908,15,15,15,15
2,2014-06-04T01:56:02Z,6.88916,79.85909,16,16,16,16
2,2014-06-04T01:56:02Z,6.88911,79.85911,17,17,17,17
2,2014-06-04T01:56:02Z,6.88908,79.85912,18,18,18,18
2,2014-06-04T01:56:02Z,6.88903,79.85913,19,19,19,19
2,2014-06-04T01:56:02Z,6.889,79.85914,20,20,20,20
2,2014-06-04T01:56:02Z,6.88898,79.85915,21,21,21,21
2,2014-06-04T01:56:02Z,6.88894,79.85916,22,22,22,22
2,2014-06-04T01:56:02Z,6.88891,79.85917,23,23,23,23
2,2014-06-04T01:56:02Z,6.88888,79.85918,24,24,24,24
2,2014-06-04T01:56:02Z,6.88885,79.85918,0,0,0,0
2,2014-06-04T01:56:02Z,6.88883,79.85919,1,1,1,1
2,2014-06-04T01:56:02Z,6.88881,79.8592,2,2,2,2
2,2014-06-04T01:56:02Z,6.8888,79.85916,3,3,3,3
2,2014-06-04T01:56:02Z,6.88879,79.85914,4,4,4,4
2,2014-06-04T01:56:02Z,6.88878,79.85911,5,5,5,5
2,2014-06-04T01:56:02Z,6.88877,79.85908,6,6,6,6
2,2014-06-04T01:56:02Z,6.88877,79.85905,7,7,7,7
2,2014-06-04T01:56:02Z,6.88876,79.85902,8,8,8,8
2,2014-06-04T01:56:02Z,6.88875,79.85899,9,9,9,9
2,2014-06-04T01:56:02Z,6.88874,79.85897,10,10,10,10
2,2014-06-04T01:56:02Z,6.88874,79.85894,11,11,11,11
2,2014-06-04T01:56:02Z,6.88873,79.85892,12,12,12,12
2,2014-06-04T01:56:02Z,6.88873,79.85889,13,13,13,13
2,2014-06-04T01:56:02Z,6.88872,79.85887,14,14,14,14
2,2014-06-04T01:56:02Z,6.88871,79.85884,15,15,15,15
2,2014-06-04T01:56:02Z,6.88871,79.85882,16,16,16,16
2,2014-06-04T01:56:02Z,6.8887,79.8588,17,17,17,17
2,2014-06-04T01:56:02Z,6.88869,79.85876,18,18,18,18
2,2014-06-04T01:56:02Z,6.88868,79.85872,19,19,19,19
2,2014-06-04T01:56:02Z,6.88867,79.85869,0,0,0,0
2,2014-06-04T01:56:02Z,6.88867,79.85867,1,1,1,1
2,2014-06-04T01:56:02Z,6.88866,79.85864,2,2,2,2
2,2014-06-04T01:56:02Z,6.88865,79.85861,3,3,3,3
2,2014-06-04T01:56:02Z,6.88865,79.85859,4,4,4,4
2,2014-06-04T01:56:02Z,6.88864,79.85856,5,5,5,5
2,2014-06-04T01:56:02Z,6.88862,79.85852,6,6,6,6
2,2014-06-04T01:56:02Z,6.88861,79.85849,7,7,7,7
2,2014-06-04T01:56:02Z,6.8886,79.85846,8,8,8,8
2,2014-06-04T01:56:02Z,6.88859,79.85843,9,9,9,9
2,2014-06-04T01:56:02Z,6.88858,79.85841,10,10,10,10
2,2014-06-04T01:56:02Z,6.88856,79.85837,11,11,11,11
2,2014-06-04T01:56:02Z,6.88854,79.85832,12,12,12,12
2,2014-06-04T01:56:02Z,6.88853,79.85829,13,13,13,13
2,2014-06-04T01:56:02Z,6.88852,79.85826,14,14,14,14
2,2014-06-04T01:56:02Z,6.88851,79.85824,15,15,15,15
2,2014-06-04T01:56:02Z,6.88851,79.85821,16,16,16,16
2,2014-06-04T01:56:02Z,6.88849,79.85819,17,17,17,17
2,2014-06-04T01:56:02Z,6.88849,79.85815,18,18,18,18
2,2014-06-04T01:56:02Z,6.88848,79.85814,19,19,19,19
2,2014-06-04T01:56:02Z,6.88847,79.85811,20,20,20,20
2,2014-06-04T01:56:02Z,6.88846,79.85808,21,21,21,21
2,2014-06-04T01:56:02Z,6.88845,79.85805,0,0,0,0
2,2014-06-04T01:56:02Z,6.88845,79.85802,1,1,1,1
2,2014-06-04T01:56:02Z,6.88844,79.858,2,2,2,2
2,2014-06-04T01:56:02Z,6.88843,79.85797,3,3,3,3
2,2014-06-04T01:56:02Z,6.88842,79.85795,4,4,4,4
2,2014-06-04T01:56:02Z,6.88841,79.85791,5,5,5,5
2,2014-06-04T01:56:02Z,6.8884,79.85788,6,6,6,6
2,2014-06-04T01:56:02Z,6.88839,79.85784,7,7,7,7
2,2014-06-04T01:56:02Z,6.88838,79.8578,8,8,8,8
2,2014-06-04T01:56:02Z,6.88836,79.85776,9,9,9,9
2,2014-06-04T01:56:02Z,6.88835,79.85771,10,10,10,10
2,2014-06-04T01:56:02Z,6.88834,79.85769,11,11,11,11
2,2014-06-04T01:56:02Z,6.88833,79.85765,12,12,12,12
2,2014-06-04T01:56:02Z,6.88832,79.85763,13,13,13,13
2,2014-06-04T01:56:02Z,6.88832,79.8576,14,14,14,14
2,2014-06-04T01:56:02Z,6.88831,79.85757,15,15,15,15
2,2014-06-04T01:56:02Z,6.8883,79.85754,16,16,16,16
2,2014-06-04T01:56:02Z,6.88828,79.85751,17,17,17,17
2,2014-06-04T01:56:02Z,6.88828,79.85748,18,18,18,18
2,2014-06-04T01:56:02Z,6.88826,79.85745,19,19,19,19
2,2014-06-04T01:56:02Z,6.88826,79.85742,20,20,20,20
2,2014-06-04T01:56:02Z,6.88824,79.85739,0,0,0,0
2,2014-06-04T01:56:02Z,6.88824,79.85736,1,1,1,1
2,2014-06-04T01:56:02Z,6.88823,79.85732,2,2,2,2
2,2014-06-04T01:56:02Z,6.88822,79.8573,3,3,3,3
2,2014-06-04T01:56:02Z,6.88821,79.85726,4,4,4,4
2,2014-06-04T01:56:02Z,6.8882,79.85723,5,5,5,5
2,2014-06-04T01:56:02Z,6.88819,79.85721,6,6,6,6
2,2014-06-04T01:56:02Z,6.88819,79.85718,7,7,7,7
2,2014-06-04T01:56:02Z,6.88821,79.85717,8,8,8,8
2,2014-06-04T01:56:02Z,6.88824,79.85716,9,9,9,9
2,2014-06-04T01:56:02Z,6.88827,79.85715,10,10,10,10
2,2014-06-04T01:56:02Z,6.8883,79.85714,11,11,11,11
2,2014-06-04T01:56:02Z,6.88833,79.85713,12,12,12,12
2,2014-06-04T01:56:02Z,6.88835,79.85713,0,0,0,0
2,2014-06-04T01:56:02Z,6.88837,79.85712,1,1,1,1
2,2014-06-04T01:56:02Z,6.88839,79.85712,2,2,2,2
2,2014-06-04T01:56:02Z,6.88841,79.85711,3,3,3,3
2,2014-06-04T01:56:02Z,6.88843,79.8571,4,4,4,4
2,2014-06-04T01:56:02Z,6.88846,79.8571,5,5,5,5
2,2014-06-04T01:56:02Z,6.88848,79.85709,6,6,6,6
2,2014-06-04T01:56:02Z,6.88851,79.85708,7,7,7,7
2,2014-06-04T01:56:02Z,6.88853,79.85708,8,8,8,8
2,2014-06-04T01:56:02Z,6.88855,79.85707,9,9,9,9
2,2014-06-04T01:56:02Z,6.88856,79.85707,10,10,10,10
2,2014-06-04T01:56:02Z,6.88856,79.85707,0,0,0,0
2,2014-06-04T01:56:02Z,6.8886,79.85706,1,1,1,1
2,2014-06-04T01:56:02Z,6.88863,79.85705,2,2,2,2
2,2014-06-04T01:56:02Z,6.88865,79.85704,3,3,3,3
2,2014-06-04T01:56:02Z,6.88869,79.85703,4,4,4,4
2,2014-06-04T01:56:02Z,6.88871,79.85703,5,5,5,5
2,2014-06-04T01:56:02Z,6.88874,79.85702,6,6,6,6
2,2014-06-04T01:56:02Z,6.88877,79.85701,7,7,7,7
2,2014-06-04T01:56:02Z,6.88881,79.857,8,8,8,8
2,2014-06-04T01:56:02Z,6.88884,79.85699,9,9,9,9
2,2014-06-04T01:56:02Z,6.88887,79.85698,10,10,10,10
2,2014-06-04T01:56:02Z,6.88889,79.85697,11,11,11,11
2,2014-06-04T01:56:02Z,6.88893,79.85696,12,12,12,12
2,2014-06-04T01:56:02Z,6.88895,79.85695,13,13,13,13
2,2014-06-04T01:56:02Z,6.88898,79.85694,14,14,14,14
2,2014-06-04T01:56:02Z,6.88901,79.85693,15,15,15,15
2,2014-06-04T01:56:02Z,6.88904,79.85692,16,16,16,16
2,2014-06-04T01:56:02Z,6.88907,79.85692,17,17,17,17
2,2014-06-04T01:56:02Z,6.88909,79.85691,18,18,18,18
2,2014-06-04T01:56:02Z,6.88911,79.8569,19,19,19,19
2,2014-06-04T01:56:02Z,6.88912,79.85693,20,20,20,20
2,2014-06-04T01:56:02Z,6.88912,79.85697,21,21,21,21
2,2014-06-04T01:56:02Z,6.88913,79.85699,22,22,22,22
2,2014-06-04T01:56:02Z,6.88914,79.85702,23,23,23,23
2,2014-06-04T01:56:02Z,6.88915,79.85705,24,24,24,24
2,2014-06-04T01:56:02Z,6.88916,79.85709,25,25,25,25
2,2014-06-04T01:56:02Z,6.88916,79.85712,26,26,26,26
2,2014-06-04T01:56:02Z,6.88917,79.85715,27,27,27,27
2,2014-06-04T01:56:02Z,6.88918,79.85718,28,28,28,28
2,2014-06-04T01:56:02Z,6.88919,79.85722,29,29,29,29
2,2014-06-04T01:56:02Z,6.8892,79.85725,30,30,30,30
2,2014-06-04T01:56:02Z,6.88921,79.85728,31,31,31,31
2,2014-06-04T01:56:02Z,6.88922,79.85732,32,32,32,32
2,2014-06-04T01:56:02Z,6.88923,79.85736,33,33,33,33
2,2014-06-04T01:56:02Z,6.88924,79.8574,34,34,34,34
2,2014-06-04T01:56:02Z,6.88925,79.85744,0,0,0,0
2,2014-06-04T01:56:02Z,6.88926,79.85747,1,1,1,1
2,2014-06-04T01:56:02Z,6.88927,79.85751,2,2,2,2
2,2014-06-04T01:56:02Z,6.88928,79.85755,3,3,3,3
2,2014-06-04T01:56:02Z,6.88929,79.85758,4,4,4,4
2,2014-06-04T01:56:02Z,6.88929,79.8576,5,5,5,5
2,2014-06-04T01:56:02Z,6.8893,79.85764,6,6,6,6
2,2014-06-04T01:56:02Z,6.88931,79.85765,7,7,7,7
2,2014-06-04T01:56:02Z,6.88932,79.85769,8,8,8,8
2,2014-06-04T01:56:02Z,6.88933,79.85772,9,9,9,9
2,2014-06-04T01:56:02Z,6.88933,79.85774,10,10,10,10
2,2014-06-04T01:56:02Z,6.88934,79.85776,11,11,11,11
2,2014-06-04T01:56:02Z,6.88934,79.85778,12,12,12,12
2,2014-06-04T01:56:02Z,6.88935,79.8578,13,13,13,13
2,2014-06-04T01:56:02Z,6.88935,79.85784,14,14,14,14
2,2014-06-04T01:56:02Z,6.88936,79.85786,15,15,15,15
2,2014-06-04T01:56:02Z,6.88937,79.8579,16,16,16,16
2,2014-06-04T01:56:02Z,6.88938,79.85794,17,17,17,17
2,2014-06-04T01:56:02Z,6.88939,79.85798,18,18,18,18
2,2014-06-04T01:56:02Z,6.8894,79.85801,19,19,19,19
2,2014-06-04T01:56:02Z,6.88941,79.85805,20,20,20,20
2,2014-06-04T01:56:02Z,6.88942,79.85808,21,21,21,21
2,2014-06-04T01:56:02Z,6.88944,79.85813,22,22,22,22
2,2014-06-04T01:56:02Z,6.88944,79.85816,23,23,23,23
2,2014-06-04T01:56:02Z,6.88945,79.8582,0,0,0,0
2,2014-06-04T01:56:02Z,6.88946,79.85823,1,1,1,1
2,2014-06-04T01:56:02Z,6.88947,79.85826,2,2,2,2
2,2014-06-04T01:56:02Z,6.88948,79.85828,3,3,3,3
2,2014-06-04T01:56:02Z,6.88949,79.85832,4,4,4,4
2,2014-06-04T01:56:02Z,6.88949,79.85835,5,5,5,5
2,2014-06-04T01:56:02Z,6.8895,79.85839,6,6,6,6
2,2014-06-04T01:56:02Z,6.88951,79.85842,7,7,7,7
2,2014-06-04T01:56:02Z,6.88952,79.85845,8,8,8,8
2,2014-06-04T01:56:02Z,6.88953,79.85848,9,9,9,9
2,2014-06-04T01:56:02Z,6.88953,79.8585,10,10,10,10
2,2014-06-04T01:56:02Z,6.88953,79.85852,11,11,11,11
2,2014-06-04T01:56:02Z,6.88955,79.85854,12,12,12,12
2,2014-06-04T01:56:02Z,6.88955,79.85857,13,13,13,13
2,2014-06-04T01:56:02Z,6.88956,79.8586,14,14,14,14
2,2014-06-04T01:56:02Z,6.88957,79.85862,15,15,15,15
2,2014-06-04T01:56:02Z,6.88957,79.85865,16,16,16,16
2,2014-06-04T01:56:02Z,6.88958,79.85867,17,17,17,17
2,2014-06-04T01:56:02Z,6.88959,79.8587,18,18,18,18
2,2014-06-04T01:56:02Z,6.88959,79.85873,19,19,19,19
2,2014-06-04T01:56:02Z,6.8896,79.85875,20,20,20,20
2,2014-06-04T01:56:02Z,6.88961,79.85876,21,21,21,21
2,2014-06-04T01:56:02Z,6.88961,79.85879,22,22,22,22
2,2014-06-04T01:56:02Z,6.88962,79.85881,23,23,23,23
2,2014-06-04T01:56:02Z,6.88962,79.85884,24,24,24,24
2,2014-06-04T01:56:02Z,6.88963,79.85886,25,25,25,25
2,2014-06-04T01:56:02Z,6.88963,79.85888,26,26,26,26
2,2014-06-04T01:56:02Z,6.88964,79.85891,27,27,27,27
2,2014-06-04T01:56:02Z,6.88965,79.85893,28,28,28,28
2,2014-06-04T01:56:02Z,6.88965,79.85895,0,0,0,0
2,2014-06-04T01:56:02Z,6.88963,79.85896,1,1,1,1
2,2014-06-04T01:56:02Z,6.88959,79.85898,2,2,2,2
2,2014-06-04T01:56:02Z,6.88956,79.85898,3,3,3,3
2,2014-06-04T01:56:02Z,6.88953,79.85899,4,4,4,4
2,2014-06-04T01:56:02Z,6.8895,79.859,5,5,5,5
2,2014-06-04T01:56:02Z,6.88947,79.85901,6,6,6,6
2,2014-06-04T01:56:02Z,6.88944,79.85902,7,7,7,7
2,2014-06-04T01:56:02Z,6.88943,79.85902,8,8,8,8
2,2014-06-04T01:56:02Z,6.88939,79.85903,9,9,9,9
2,2014-06-04T01:56:02Z,6.88936,79.85904,10,10,10,10
2,2014-06-04T01:56:02Z,6.88933,79.85905,11,11,11,0
2,2014-06-04T01:56:02Z,6.88933,79.85905,11,11,11,0
2,2014-06-04T01:56:02Z,6.88933,79.85905,11,11,11,0
2,2014-06-04T01:56:02Z,6.88933,79.85905,11,11,11,0
2,2014-06-04T01:56:02Z,6.88933,79.85905,11,11,11,0
2,2014-06-04T01:56:02Z,6.88933,79.85905,11,11,11,0
2,2014-06-04T01:56:02Z,6.88933,79.85905,11,11,11,0
2,2014-06-04T01:56:02Z,6.88933,79.85905,11,11,11,0
2,2014-06-04T01:56:02Z,6.88933,79.85905,11,11,11,0
2,2014-06-04T01:56:02Z,6.88933,79.85905,11,11,11,0
2,2014-06-04T01:56:02Z,6.88933,79.85905,11,11,11,0
2,2014-06-04T01:56:02Z,6.88933,79.85905,11,11,11,0
2,2014-06-04T01:56:02Z,6.88933,79.85905,11,11,11,0
2,2014-06-04T01:56:02Z,6.88933,79.85905,11,11,11,0
2,2014-06-04T01:56:02Z,6.88933,79.85905,11,11,11,0
2,2014-06-04T01:56:02Z,6.88933,79.85905,11,11,11,0
2,2014-06-04T01:56:02Z,6.88933,79.85905,11,11,11,0
2,2014-06-04T01:56:02Z,6.88933,79.85905,11,11,11,0
2,2014-06-04T01:56:02Z,6.88933,79.85905,11,11,11,0
2,2014-06-04T01:56:02Z,6.88933,79.85905,11,11,11,0
2,2014-06-04T01:56:02Z,6.88933,79.85905,11,11,11,0
2,2014-06-04T01:56:02Z,6.88933,79.85905,11,11,11,0
2,2014-06-04T01:56:02Z,6.88933,79.85905,11,11,11,0
2,2014-06-04T01:56:02Z,6.88933,79.85905,11,11,11,0
2,2014-06-04T01:56:02Z,6.88933,79.85905,11,11,11,0
2,2014-06-04T01:56:02Z,6.88933,79.85905,11,11,11,0
2,2014-06-04T01:56:02Z,6.88933,79.85905,11,11,11,0
2,2014-06-04T01:56:02Z,6.88933,79.85905,11,11,11,0
2,2014-06-04T01:56:02Z,6.88933,79.85905,11,11,11,0
2,2014-06-04T01:56:02Z,6.88933,79.85905,11,11,11,0
2,2014-06-04T01:56:02Z,6.88933,79.85905,11,11,11,0
2,2014-06-04T01:56:02Z,6.88933,79.85905,11,11,11,0
2,2014-06-04T01:56:02Z,6.88933,79.85905,11,11,11,0
2,2014-06-04T01:56:02Z,6.88933,79.85905,11,11,11,0
2,2014-06-04T01:56:02Z,6.88933,79.85905,11,11,11,0
2,2014-06-04T01:56:02Z,6.88933,79.85905,11,11,11,0
2,2014-06-04T01:56:02Z,6.88933,79.85905,11,11,11,0
2,2014-06-04T01:56:02Z,6.88933,79.85905,11,11,11,0
2,2014-06-04T01:56:02Z,6.88933,79.85905,11,11,11,0
2,2014-06-04T01:56:02Z,6.88933,79.85905,11,11,11,0
2,2014-06-04T01:56:02Z,6.88933,79.85905,11,11,11,0
2,2014-06-04T01:56:02Z,6.88933,79.85905,11,11,11,0
2,2014-06-04T01:56:02Z,6.88933,79.85905,11,11,11,0
2,2014-06-04T01:56:02Z,6.88933,79.85905,11,11,11,0
2,2014-06-04T01:56:02Z,6.88933,79.85905,11,11,11,0
2,2014-06-04T01:56:02Z,6.88933,79.85905,11,11,11,0
2,2014-06-04T01:56:02Z,6.88933,79.85905,11,11,11,0
2,2014-06-04T01:56:02Z,6.88933,79.85905,11,11,11,0
2,2014-06-04T01:56:02Z,6.88933,79.85905,11,11,11,0
2,2014-06-04T01:56:02Z,6.88933,79.85905,11,11,11,0
2,2014-06-04T01:56:02Z,6.88933,79.85905,11,11,11,0
2,2014-06-04T01:56:02Z,6.88933,79.85905,11,11,11,0
2,2014-06-04T01:56:02Z,6.88933,79.85905,11,11,11,0
2,2014-06-04T01:56:02Z,6.88933,79.85905,11,11,11,0
2,2014-06-04T01:56:02Z,6.88933,79.85905,11,11,11,0
2,2014-06-04T01:56:02Z,6.88933,79.85905,11,11,11,0
2,2014-06-04T01:56:02Z,6.88933,79.85905,11,11,11,0
2,2014-06-04T01:56:02Z,6.88933,79.85905,11,11,11,0
2,2014-06-04T01:56:02Z,6.88933,79.85905,11,11,11,0
2,2014-06-04T01:56:02Z,6.88933,79.85905,11,11,11,0
2,2014-06-04T01:56:02Z,6.88933,79.85905,11,11,11,1
2,2014-06-04T01:56:02Z,6.88933,79.85905,11,11,11,2
2,2014-06-04T01:56:02Z,6.88933,79.85905,11,11,11,2
2,2014-06-04T01:56:02Z,6.88933,79.85905,11,11,11,3
2,2014-06-04T01:56:02Z,6.8893,79.85906,12,12,12,12
2,2014-06-04T01:56:02Z,6.88927,79.85907,13,13,13,13
2,2014-06-04T01:56:02Z,6.88924,79.85907,14,14,14,14
2,2014-06-04T01:56:02Z,6.88921,79.85908,15,15,15,15
2,2014-06-04T01:56:02Z,6.88916,79.85909,16,16,16,16
2,2014-06-04T01:56:02Z,6.88911,79.85911,17,17,17,17
2,2014-06-04T01:56:02Z,6.88908,79.85912,18,18,18,18
2,2014-06-04T01:56:02Z,6.88903,79.85913,19,19,19,19
2,2014-06-04T01:56:02Z,6.889,79.85914,20,20,20,20
2,2014-06-04T01:56:02Z,6.88898,79.85915,21,21,21,21
2,2014-06-04T01:56:02Z,6.88894,79.85916,22,22,22,22
2,2014-06-04T01:56:02Z,6.88891,79.85917,23,23,23,23
2,2014-06-04T01:56:02Z,6.88888,79.85918,24,24,24,24
2,2014-06-04T01:56:02Z,6.88885,79.85918,0,0,0,0
2,2014-06-04T01:56:02Z,6.88883,79.85919,1,1,1,1
2,2014-06-04T01:56:02Z,6.88881,79.8592,2,2,2,2
2,2014-06-04T01:56:02Z,6.8888,79.85916,3,3,3,3
2,2014-06-04T01:56:02Z,6.88879,79.85914,4,4,4,4
2,2014-06-04T01:56:02Z,6.88878,79.85911,5,5,5,5
2,2014-06-04T01:56:02Z,6.88877,79.85908,6,6,6,6
2,2014-06-04T01:56:02Z,6.88877,79.85905,7,7,7,7
2,2014-06-04T01:56:02Z,6.88876,79.85902,8,8,8,8
2,2014-06-04T01:56:02Z,6.88875,79.85899,9,9,9,9
2,2014-06-04T01:56:02Z,6.88874,79.85897,10,10,10,10
2,2014-06-04T01:56:02Z,6.88874,79.85894,11,11,11,11
2,2014-06-04T01:56:02Z,6.88873,79.85892,12,12,12,12
2,2014-06-04T01:56:02Z,6.88873,79.85889,13,13,13,13
2,2014-06-04T01:56:02Z,6.88872,79.85887,14,14,14,14
2,2014-06-04T01:56:02Z,6.88871,79.85884,15,15,15,15
2,2014-06-04T01:56:02Z,6.88871,79.85882,16,16,16,16
2,2014-06-04T01:56:02Z,6.8887,79.8588,17,17,17,17
2,2014-06-04T01:56:02Z,6.88869,79.85876,18,18,18,18
2,2014-06-04T01:56:02Z,6.88868,79.85872,19,19,19,19
2,2014-06-04T01:56:02Z,6.88867,79.85869,0,0,0,0
2,2014-06-04T01:56:02Z,6.88867,79.85867,1,1,1,1
2,2014-06-04T01:56:02Z,6.88866,79.85864,2,2,2,2
2,2014-06-04T01:56:02Z,6.88865,79.85861,3,3,3,3
2,2014-06-04T01:56:02Z,6.88865,79.85859,4,4,4,4
2,2014-06-04T01:56:02Z,6.88864,79.85856,5,5,5,5
2,2014-06-04T01:56:02Z,6.88862,79.85852,6,6,6,6
2,2014-06-04T01:56:02Z,6.88861,79.85849,7,7,7,7
2,2014-06-04T01:56:02Z,6.8886,79.85846,8,8,8,8
2,2014-06-04T01:56:02Z,6.88859,79.85843,9,9,9,9
2,2014-06-04T01:56:02Z,6.88858,79.85841,10,10,10,10
2,2014-06-04T01:56:02Z,6.88856,79.85837,11,11,11,11
2,2014-06-04T01:56:02Z,6.88854,79.85832,12,12,12,12
2,2014-06-04T01:56:02Z,6.88853,79.85829,13,13,13,13
2,2014-06-04T01:56:02Z,6.88852,79.85826,14,14,14,14
2,2014-06-04T01:56:02Z,6.88851,79.85824,15,15,15,15
2,2014-06-04T01:56:02Z,6.88851,79.85821,16,16,16,16
2,2014-06-04T01:56:02Z,6.88849,79.85819,17,17,17,17
2,2014-06-04T01:56:02Z,6.88849,79.85815,18,18,18,18
2,2014-06-04T01:56:02Z,6.88848,79.85814,19,19,19,19
2,2014-06-04T01:56:02Z,6.88847,79.85811,20,20,20,20
2,2014-06-04T01:56:02Z,6.88846,79.85808,21,21,21,21
2,2014-06-04T01:56:02Z,6.88845,79.85805,0,0,0,0
2,2014-06-04T01:56:02Z,6.88845,79.85802,1,1,1,1
2,2014-06-04T01:56:02Z,6.88844,79.858,2,2,2,2
2,2014-06-04T01:56:02Z,6.88843,79.85797,3,3,3,3
2,2014-06-04T01:56:02Z,6.88842,79.85795,4,4,4,4
2,2014-06-04T01:56:02Z,6.88841,79.85791,5,5,5,5
2,2014-06-04T01:56:02Z,6.8884,79.85788,6,6,6,6
2,2014-06-04T01:56:02Z,6.88839,79.85784,7,7,7,7
2,2014-06-04T01:56:02Z,6.88838,79.8578,8,8,8,8
2,2014-06-04T01:56:02Z,6.88836,79.85776,9,9,9,9
2,2014-06-04T01:56:02Z,6.88835,79.85771,10,10,10,10
2,2014-06-04T01:56:02Z,6.88834,79.85769,11,11,11,11
2,2014-06-04T01:56:02Z,6.88833,79.85765,12,12,12,12
2,2014-06-04T01:56:02Z,6.88832,79.85763,13,13,13,13
2,2014-06-04T01:56:02Z,6.88832,79.8576,14,14,14,14
2,2014-06-04T01:56:02Z,6.88831,79.85757,15,15,15,15
2,2014-06-04T01:56:02Z,6.8883,79.85754,16,16,16,16
2,2014-06-04T01:56:02Z,6.88828,79.85751,17,17,17,17
2,2014-06-04T01:56:02Z,6.88828,79.85748,18,18,18,18
2,2014-06-04T01:56:02Z,6.88826,79.85745,19,19,19,19
2,2014-06-04T01:56:02Z,6.88826,79.85742,20,20,20,20
2,2014-06-04T01:56:02Z,6.88824,79.85739,0,0,0,0
2,2014-06-04T01:56:02Z,6.88824,79.85736,1,1,1,1
2,2014-06-04T01:56:02Z,6.88823,79.85732,2,2,2,2
2,2014-06-04T01:56:02Z,6.88822,79.8573,3,3,3,3
2,2014-06-04T01:56:02Z,6.88821,79.85726,4,4,4,4
2,2014-06-04T01:56:02Z,6.8882,79.85723,5,5,5,5
2,2014-06-04T01:56:02Z,6.88819,79.85721,6,6,6,6
2,2014-06-04T01:56:02Z,6.88819,79.85718,7,7,7,7
2,2014-06-04T01:56:02Z,6.88821,79.85717,8,8,8,8
2,2014-06-04T01:56:02Z,6.88824,79.85716,9,9,9,9
2,2014-06-04T01:56:02Z,6.88827,79.85715,10,10,10,10
2,2014-06-04T01:56:02Z,6.8883,79.85714,11,11,11,11
2,2014-06-04T01:56:02Z,6.88833,79.85713,12,12,12,12
2,2014-06-04T01:56:02Z,6.88835,79.85713,0,0,0,0
2,2014-06-04T01:56:02Z,6.88837,79.85712,1,1,1,1
2,2014-06-04T01:56:02Z,6.88839,79.85712,2,2,2,2
2,2014-06-04T01:56:02Z,6.88841,79.85711,3,3,3,3
2,2014-06-04T01:56:02Z,6.88843,79.8571,4,4,4,4
2,2014-06-04T01:56:02Z,6.88846,79.8571,5,5,5,5
2,2014-06-04T01:56:02Z,6.88848,79.85709,6,6,6,6
2,2014-06-04T01:56:02Z,6.88851,79.85708,7,7,7,7
2,2014-06-04T01:56:02Z,6.88853,79.85708,8,8,8,8
2,2014-06-04T01:56:02Z,6.88855,79.85707,9,9,9,9
2,2014-06-04T01:56:02Z,6.88856,79.85707,10,10,10,10
2,2014-06-04T01:56:02Z,6.88856,79.85707,0,0,0,0
2,2014-06-04T01:56:02Z,6.8886,79.85706,1,1,1,1
2,2014-06-04T01:56:02Z,6.88863,79.85705,2,2,2,2
2,2014-06-04T01:56:02Z,6.88865,79.85704,3,3,3,3
2,2014-06-04T01:56:02Z,6.88869,79.85703,4,4,4,4
2,2014-06-04T01:56:02Z,6.88871,79.85703,5,5,5,5
2,2014-06-04T01:56:02Z,6.88874,79.85702,6,6,6,6
2,2014-06-04T01:56:02Z,6.88877,79.85701,7,7,7,7
2,2014-06-04T01:56:02Z,6.88881,79.857,8,8,8,8
2,2014-06-04T01:56:02Z,6.88884,79.85699,9,9,9,9
2,2014-06-04T01:56:02Z,6.88887,79.85698,10,10,10,10
2,2014-06-04T01:56:02Z,6.88889,79.85697,11,11,11,11
2,2014-06-04T01:56:02Z,6.88893,79.85696,12,12,12,12
2,2014-06-04T01:56:02Z,6.88895,79.85695,13,13,13,13
2,2014-06-04T01:56:02Z,6.88898,79.85694,14,14,14,14
2,2014-06-04T01:56:02Z,6.88901,79.85693,15,15,15,15
2,2014-06-04T01:56:02Z,6.88904,79.85692,16,16,16,16
2,2014-06-04T01:56:02Z,6.88907,79.85692,17,17,17,17
2,2014-06-04T01:56:02Z,6.88909,79.85691,18,18,18,18
2,2014-06-04T01:56:02Z,6.88911,79.8569,19,19,19,19
2,2014-06-04T01:56:02Z,6.88912,79.85693,20,20,20,20
2,2014-06-04T01:56:02Z,6.88912,79.85697,21,21,21,21
2,2014-06-04T01:56:02Z,6.88913,79.85699,22,22,22,22
2,2014-06-04T01:56:02Z,6.88914,79.85702,23,23,23,23
2,2014-06-04T01:56:02Z,6.88915,79.85705,24,24,24,24
2,2014-06-04T01:56:02Z,6.88916,79.85709,25,25,25,25
2,2014-06-04T01:56:02Z,6.88916,79.85712,26,26,26,26
2,2014-06-04T01:56:02Z,6.88917,79.85715,27,27,27,27
2,2014-06-04T01:56:02Z,6.88918,79.85718,28,28,28,28
2,2014-06-04T01:56:02Z,6.88919,79.85722,29,29,29,29
2,2014-06-04T01:56:02Z,6.8892,79.85725,30,30,30,30
2,2014-06-04T01:56:02Z,6.88921,79.85728,31,31,31,31
2,2014-06-04T01:56:02Z,6.88922,79.85732,32,32,32,32
2,2014-06-04T01:56:02Z,6.88923,79.85736,33,33,33,33
2,2014-06-04T01:56:02Z,6.88924,79.8574,34,34,34,34
2,2014-06-04T01:56:02Z,6.88925,79.85744,0,0,0,0
2,2014-06-04T01:56:02Z,6.88926,79.85747,1,1,1,1
2,2014-06-04T01:56:02Z,6.88927,79.85751,2,2,2,2
2,2014-06-04T01:56:02Z,6.88928,79.85755,3,3,3,3
2,2014-06-04T01:56:02Z,6.88929,79.85758,4,4,4,4
2,2014-06-04T01:56:02Z,6.88929,79.8576,5,5,5,5
2,2014-06-04T01:56:02Z,6.8893,79.85764,6,6,6,6
2,2014-06-04T01:56:02Z,6.88931,79.85765,7,7,7,7
2,2014-06-04T01:56:02Z,6.88932,79.85769,8,8,8,8
2,2014-06-04T01:56:02Z,6.88933,79.85772,9,9,9,9
2,2014-06-04T01:56:02Z,6.88933,79.85774,10,10,10,10
2,2014-06-04T01:56:02Z,6.88934,79.85776,11,11,11,11
2,2014-06-04T01:56:02Z,6.88934,79.85778,12,12,12,12
2,2014-06-04T01:56:02Z,6.88935,79.8578,13,13,13,13
2,2014-06-04T01:56:02Z,6.88935,79.85784,14,14,14,14
2,2014-06-04T01:56:02Z,6.88936,79.85786,15,15,15,15
2,2014-06-04T01:56:02Z,6.88937,79.8579,16,16,16,16
2,2014-06-04T01:56:02Z,6.88938,79.85794,17,17,17,17
2,2014-06-04T01:56:02Z,6.88939,79.85798,18,18,18,18
2,2014-06-04T01:56:02Z,6.8894,79.85801,19,19,19,19
2,2014-06-04T01:56:02Z,6.88941,79.85805,20,20,20,20
2,2014-06-04T01:56:02Z,6.88942,79.85808,21,21,21,21
2,2014-06-04T01:56:02Z,6.88944,79.85813,22,22,22,22
2,2014-06-04T01:56:02Z,6.88944,79.85816,23,23,23,23
2,2014-06-04T01:56:02Z,6.88945,79.8582,0,0,0,0
2,2014-06-04T01:56:02Z,6.88946,79.85823,1,1,1,1
2,2014-06-04T01:56:02Z,6.88947,79.85826,2,2,2,2
2,2014-06-04T01:56:02Z,6.88948,79.85828,3,3,3,3
2,2014-06-04T01:56:02Z,6.88949,79.85832,4,4,4,4
2,2014-06-04T01:56:02Z,6.88949,79.85835,5,5,5,5
2,2014-06-04T01:56:02Z,6.8895,79.85839,6,6,6,6
2,2014-06-04T01:56:02Z,6.88951,79.85842,7,7,7,7
2,2014-06-04T01:56:02Z,6.88952,79.85845,8,8,8,8
2,2014-06-04T01:56:02Z,6.88953,79.85848,9,9,9,9
2,2014-06-04T01:56:02Z,6.88953,79.8585,10,10,10,10
2,2014-06-04T01:56:02Z,6.88953,79.85852,11,11,11,11
2,2014-06-04T01:56:02Z,6.88955,79.85854,12,12,12,12
2,2014-06-04T01:56:02Z,6.88955,79.85857,13,13,13,13
2,2014-06-04T01:56:02Z,6.88956,79.8586,14,14,14,14
2,2014-06-04T01:56:02Z,6.88957,79.85862,15,15,15,15
2,2014-06-04T01:56:02Z,6.88957,79.85865,16,16,16,16
2,2014-06-04T01:56:02Z,6.88958,79.85867,17,17,17,17
2,2014-06-04T01:56:02Z,6.88959,79.8587,18,18,18,18
2,2014-06-04T01:56:02Z,6.88959,79.85873,19,19,19,19
2,2014-06-04T01:56:02Z,6.8896,79.85875,20,20,20,20
2,2014-06-04T01:56:02Z,6.88961,79.85876,21,21,21,21
2,2014-06-04T01:56:02Z,6.88961,79.85879,22,22,22,22
2,2014-06-04T01:56:02Z,6.88962,79.85881,23,23,23,23
2,2014-06-04T01:56:02Z,6.88962,79.85884,24,24,24,24
2,2014-06-04T01:56:02Z,6.88963,79.85886,25,25,25,25
2,2014-06-04T01:56:02Z,6.88963,79.85888,26,26,26,26
2,2014-06-04T01:56:02Z,6.88964,79.85891,27,27,27,27
2,2014-06-04T01:56:02Z,6.88965,79.85893,28,28,28,28
2,2014-06-04T01:56:02Z,6.88965,79.85895,0,0,0,0
2,2014-06-04T01:56:02Z,6.88963,79.85896,1,1,1,1
2,2014-06-04T01:56:02Z,6.88959,79.85898,2,2,2,2
2,2014-06-04T01:56:02Z,6.88956,79.85898,3,3,3,3
2,2014-06-04T01:56:02Z,6.88953,79.85899,4,4,4,4
2,2014-06-04T01:56:02Z,6.8895,79.859,5,5,5,5
2,2014-06-04T01:56:02Z,6.88947,79.85901,6,6,6,6
2,2014-06-04T01:56:02Z,6.88944,79.85902,7,7,7,7
2,2014-06-04T01:56:02Z,6.88943,79.85902,8,8,8,8
2,2014-06-04T01:56:02Z,6.88939,79.85903,9,9,9,9
2,2014-06-04T01:56:02Z,6.88936,79.85904,10,10,10,10
2,2014-06-04T01:56:02Z,6.88933,79.85905,11,11,11,0
2,2014-06-04T01:56:02Z,6.88933,79.85905,11,11,11,0
2,2014-06-04T01:56:02Z,6.88933,79.85905,11,11,11,0
2,2014-06-04T01:56:02Z,6.88933,79.85905,11,11,11,0
2,2014-06-04T01:56:02Z,6.88933,79.85905,11,11,11,0
2,2014-06-04T01:56:02Z,6.88933,79.85905,11,11,11,0
2,2014-06-04T01:56:02Z,6.88933,79.85905,11,11,11,0
2,2014-06-04T01:56:02Z,6.88933,79.85905,11,11,11,0
2,2014-06-04T01:56:02Z,6.88933,79.85905,11,11,11,0
2,2014-06-04T01:56:02Z,6.88933,79.85905,11,11,11,0
2,2014-06-04T01:56:02Z,6.88933,79.85905,11,11,11,0
2,2014-06-04T01:56:02Z,6.88933,79.85905,11,11,11,0
2,2014-06-04T01:56:02Z,6.88933,79.85905,11,11,11,0
2,2014-06-04T01:56:02Z,6.88933,79.85905,11,11,11,0
2,2014-06-04T01:56:02Z,6.88933,79.85905,11,11,11,0
2,2014-06-04T01:56:02Z,6.88933,79.85905,11,11,11,0
2,2014-06-04T01:56:02Z,6.88933,79.85905,11,11,11,0
2,2014-06-04T01:56:02Z,6.88933,79.85905,11,11,11,0
2,2014-06-04T01:56:02Z,6.88933,79.85905,11,11,11,0
2,2014-06-04T01:56:02Z,6.88933,79.85905,11,11,11,0
2,2014-06-04T01:56:02Z,6.88933,79.85905,11,11,11,0
2,2014-06-04T01:56:02Z,6.88933,79.85905,11,11,11,0
2,2014-06-04T01:56:02Z,6.88933,79.85905,11,11,11,0
2,2014-06-04T01:56:02Z,6.88933,79.85905,11,11,11,0
2,2014-06-04T01:56:02Z,6.88933,79.85905,11,11,11,0
2,2014-06-04T01:56:02Z,6.88933,79.85905,11,11,11,0
2,2014-06-04T01:56:02Z,6.88933,79.85905,11,11,11,0
2,2014-06-04T01:56:02Z,6.88933,79.85905,11,11,11,0
2,2014-06-04T01:56:02Z,6.88933,79.85905,11,11,11,0
2,2014-06-04T01:56:02Z,6.88933,79.85905,11,11,11,0
2,2014-06-04T01:56:02Z,6.88933,79.85905,11,11,11,0
2,2014-06-04T01:56:02Z,6.88933,79.85905,11,11,11,0
2,2014-06-04T01:56:02Z,6.88933,79.85905,11,11,11,0
2,2014-06-04T01:56:02Z,6.88933,79.85905,11,11,11,0
2,2014-06-04T01:56:02Z,6.88933,79.85905,11,11,11,0
2,2014-06-04T01:56:02Z,6.88933,79.85905,11,11,11,0
2,2014-06-04T01:56:02Z,6.88933,79.85905,11,11,11,0
2,2014-06-04T01:56:02Z,6.88933,79.85905,11,11,11,0
2,2014-06-04T01:56:02Z,6.88933,79.85905,11,11,11,0
2,2014-06-04T01:56:02Z,6.88933,79.85905,11,11,11,0
2,2014-06-04T01:56:02Z,6.88933,79.85905,11,11,11,0
2,2014-06-04T01:56:02Z,6.88933,79.85905,11,11,11,0
2,2014-06-04T01:56:02Z,6.88933,79.85905,11,11,11,0
2,2014-06-04T01:56:02Z,6.88933,79.85905,11,11,11,0
2,2014-06-04T01:56:02Z,6.88933,79.85905,11,11,11,0
2,2014-06-04T01:56:02Z,6.88933,79.85905,11,11,11,0
2,2014-06-04T01:56:02Z,6.88933,79.85905,11,11,11,0
2,2014-06-04T01:56:02Z,6.88933,79.85905,11,11,11,0
2,2014-06-04T01:56:02Z,6.88933,79.85905,11,11,11,0
2,2014-06-04T01:56:02Z,6.88933,79.85905,11,11,11,0
2,2014-06-04T01:56:02Z,6.88933,79.85905,11,11,11,0
2,2014-06-04T01:56:02Z,6.88933,79.85905,11,11,11,0
2,2014-06-04T01:56:02Z,6.88933,79.85905,11,11,11,0
2,2014-06-04T01:56:02Z,6.88933,79.85905,11,11,11,0
2,2014-06-04T01:56:02Z,6.88933,79.85905,11,11,11,0
2,2014-06-04T01:56:02Z,6.88933,79.85905,11,11,11,0
2,2014-06-04T01:56:02Z,6.88933,79.85905,11,11,11,0
2,2014-06-04T01:56:02Z,6.88933,79.85905,11,11,11,0
2,2014-06-04T01:56:02Z,6.88933,79.85905,11,11,11,0
2,2014-06-04T01:56:02Z,6.88933,79.85905,11,11,11,0
2,2014-06-04T01:56:02Z,6.88933,79.85905,11,11,11,1
2,2014-06-04T01:56:02Z,6.88933,79.85905,11,11,11,2
2,2014-06-04T01:56:02Z,6.88933,79.85905,11,11,11,2
2,2014-06-04T01:56:02Z,6.88933,79.85905,11,11,11,3
2,2014-06-04T01:56:02Z,6.8893,79.85906,12,12,12,12
2,2014-06-04T01:56:02Z,6.88927,79.85907,13,13,13,13
2,2014-06-04T01:56:02Z,6.88924,79.85907,14,14,14,14
2,2014-06-04T01:56:02Z,6.88921,79.85908,15,15,15,15
2,2014-06-04T01:56:02Z,6.88916,79.85909,16,16,16,16
2,2014-06-04T01:56:02Z,6.88911,79.85911,17,17,17,17
2,2014-06-04T01:56:02Z,6.88908,79.85912,18,18,18,18
2,2014-06-04T01:56:02Z,6.88903,79.85913,19,19,19,19
2,2014-06-04T01:56:02Z,6.889,79.85914,20,20,20,20
2,2014-06-04T01:56:02Z,6.88898,79.85915,21,21,21,21
2,2014-06-04T01:56:02Z,6.88894,79.85916,22,22,22,22
2,2014-06-04T01:56:02Z,6.88891,79.85917,23,23,23,23
2,2014-06-04T01:56:02Z,6.88888,79.85918,24,24,24,24
2,2014-06-04T01:56:02Z,6.88885,79.85918,0,0,0,0
2,2014-06-04T01:56:02Z,6.88883,79.85919,1,1,1,1
2,2014-06-04T01:56:02Z,6.88881,79.8592,2,2,2,2
2,2014-06-04T01:56:02Z,6.8888,79.85916,3,3,3,3
2,2014-06-04T01:56:02Z,6.88879,79.85914,4,4,4,4
2,2014-06-04T01:56:02Z,6.88878,79.85911,5,5,5,5
2,2014-06-04T01:56:02Z,6.88877,79.85908,6,6,6,6
2,2014-06-04T01:56:02Z,6.88877,79.85905,7,7,7,7
2,2014-06-04T01:56:02Z,6.88876,79.85902,8,8,8,8
2,2014-06-04T01:56:02Z,6.88875,79.85899,9,9,9,9
2,2014-06-04T01:56:02Z,6.88874,79.85897,10,10,10,10
2,2014-06-04T01:56:02Z,6.88874,79.85894,11,11,11,11
2,2014-06-04T01:56:02Z,6.88873,79.85892,12,12,12,12
2,2014-06-04T01:56:02Z,6.88873,79.85889,13,13,13,13
2,2014-06-04T01:56:02Z,6.88872,79.85887,14,14,14,14
2,2014-06-04T01:56:02Z,6.88871,79.85884,15,15,15,15
2,2014-06-04T01:56:02Z,6.88871,79.85882,16,16,16,16
2,2014-06-04T01:56:02Z,6.8887,79.8588,17,17,17,17
2,2014-06-04T01:56:02Z,6.88869,79.85876,18,18,18,18
2,2014-06-04T01:56:02Z,6.88868,79.85872,19,19,19,19
2,2014-06-04T01:56:02Z,6.88867,79.85869,0,0,0,0
2,2014-06-04T01:56:02Z,6.88867,79.85867,1,1,1,1
2,2014-06-04T01:56:02Z,6.88866,79.85864,2,2,2,2
2,2014-06-04T01:56:02Z,6.88865,79.85861,3,3,3,3
2,2014-06-04T01:56:02Z,6.88865,79.85859,4,4,4,4
2,2014-06-04T01:56:02Z,6.88864,79.85856,5,5,5,5
2,2014-06-04T01:56:02Z,6.88862,79.85852,6,6,6,6
2,2014-06-04T01:56:02Z,6.88861,79.85849,7,7,7,7
2,2014-06-04T01:56:02Z,6.8886,79.85846,8,8,8,8
2,2014-06-04T01:56:02Z,6.88859,79.85843,9,9,9,9
2,2014-06-04T01:56:02Z,6.88858,79.85841,10,10,10,10
2,2014-06-04T01:56:02Z,6.88856,79.85837,11,11,11,11
2,2014-06-04T01:56:02Z,6.88854,79.85832,12,12,12,12
2,2014-06-04T01:56:02Z,6.88853,79.85829,13,13,13,13
2,2014-06-04T01:56:02Z,6.88852,79.85826,14,14,14,14
2,2014-06-04T01:56:02Z,6.88851,79.85824,15,15,15,15
2,2014-06-04T01:56:02Z,6.88851,79.85821,16,16,16,16
2,2014-06-04T01:56:02Z,6.88849,79.85819,17,17,17,17
2,2014-06-04T01:56:02Z,6.88849,79.85815,18,18,18,18
2,2014-06-04T01:56:02Z,6.88848,79.85814,19,19,19,19
2,2014-06-04T01:56:02Z,6.88847,79.85811,20,20,20,20
2,2014-06-04T01:56:02Z,6.88846,79.85808,21,21,21,21
2,2014-06-04T01:56:02Z,6.88845,79.85805,0,0,0,0
2,2014-06-04T01:56:02Z,6.88845,79.85802,1,1,1,1
2,2014-06-04T01:56:02Z,6.88844,79.858,2,2,2,2
2,2014-06-04T01:56:02Z,6.88843,79.85797,3,3,3,3
2,2014-06-04T01:56:02Z,6.88842,79.85795,4,4,4,4
2,2014-06-04T01:56:02Z,6.88841,79.85791,5,5,5,5
2,2014-06-04T01:56:02Z,6.8884,79.85788,6,6,6,6
2,2014-06-04T01:56:02Z,6.88839,79.85784,7,7,7,7
2,2014-06-04T01:56:02Z,6.88838,79.8578,8,8,8,8
2,2014-06-04T01:56:02Z,6.88836,79.85776,9,9,9,9
2,2014-06-04T01:56:02Z,6.88835,79.85771,10,10,10,10
2,2014-06-04T01:56:02Z,6.88834,79.85769,11,11,11,11
2,2014-06-04T01:56:02Z,6.88833,79.85765,12,12,12,12
2,2014-06-04T01:56:02Z,6.88832,79.85763,13,13,13,13
2,2014-06-04T01:56:02Z,6.88832,79.8576,14,14,14,14
2,2014-06-04T01:56:02Z,6.88831,79.85757,15,15,15,15
2,2014-06-04T01:56:02Z,6.8883,79.85754,16,16,16,16
2,2014-06-04T01:56:02Z,6.88828,79.85751,17,17,17,17
2,2014-06-04T01:56:02Z,6.88828,79.85748,18,18,18,18
2,2014-06-04T01:56:02Z,6.88826,79.85745,19,19,19,19
2,2014-06-04T01:56:02Z,6.88826,79.85742,20,20,20,20
2,2014-06-04T01:56:02Z,6.88824,79.85739,0,0,0,0
2,2014-06-04T01:56:02Z,6.88824,79.85736,1,1,1,1
2,2014-06-04T01:56:02Z,6.88823,79.85732,2,2,2,2
2,2014-06-04T01:56:02Z,6.88822,79.8573,3,3,3,3
2,2014-06-04T01:56:02Z,6.88821,79.85726,4,4,4,4
2,2014-06-04T01:56:02Z,6.8882,79.85723,5,5,5,5
2,2014-06-04T01:56:02Z,6.88819,79.85721,6,6,6,6
2,2014-06-04T01:56:02Z,6.88819,79.85718,7,7,7,7
2,2014-06-04T01:56:02Z,6.88821,79.85717,8,8,8,8
2,2014-06-04T01:56:02Z,6.88824,79.85716,9,9,9,9
2,2014-06-04T01:56:02Z,6.88827,79.85715,10,10,10,10
2,2014-06-04T01:56:02Z,6.8883,79.85714,11,11,11,11
2,2014-06-04T01:56:02Z,6.88833,79.85713,12,12,12,12
2,2014-06-04T01:56:02Z,6.88835,79.85713,0,0,0,0
2,2014-06-04T01:56:02Z,6.88837,79.85712,1,1,1,1
2,2014-06-04T01:56:02Z,6.88839,79.85712,2,2,2,2
2,2014-06-04T01:56:02Z,6.88841,79.85711,3,3,3,3
2,2014-06-04T01:56:02Z,6.88843,79.8571,4,4,4,4
2,2014-06-04T01:56:02Z,6.88846,79.8571,5,5,5,5
2,2014-06-04T01:56:02Z,6.88848,79.85709,6,6,6,6
2,2014-06-04T01:56:02Z,6.88851,79.85708,7,7,7,7
2,2014-06-04T01:56:02Z,6.88853,79.85708,8,8,8,8
2,2014-06-04T01:56:02Z,6.88855,79.85707,9,9,9,9
2,2014-06-04T01:56:02Z,6.88856,79.85707,10,10,10,10