10,2014-06-04T01:56:02Z,6.91297,79.855664,0,0,0,0
10,2014-06-04T01:56:02Z,6.912978,79.855736,1,1,1,1
10,2014-06-04T01:56:02Z,6.9131,79.856801,2,2,2,2
10,2014-06-04T01:56:02Z,6.913547,79.857584,3,3,3,3
10,2014-06-04T01:56:02Z,6.913564,79.857721,4,4,4,4
10,2014-06-04T01:56:02Z,6.913518,79.857813,5,5,5,5
10,2014-06-04T01:56:02Z,6.913439,79.857882,6,6,6,6
10,2014-06-04T01:56:02Z,6.91326,79.857924,7,7,7,7
10,2014-06-04T01:56:02Z,6.912864,79.857929,8,8,8,8
10,2014-06-04T01:56:02Z,6.912527,79.857944,9,9,9,9
10,2014-06-04T01:56:02Z,6.912248,79.857985,10,10,10,10
10,2014-06-04T01:56:02Z,6.912113,79.858017,11,11,11,11
10,2014-06-04T01:56:02Z,6.9119,79.858244,12,12,12,12
10,2014-06-04T01:56:02Z,6.911793,79.858248,13,13,13,13
10,2014-06-04T01:56:02Z,6.91172,79.858201,14,14,14,14
10,2014-06-04T01:56:02Z,6.911521,79.858244,15,15,15,15
10,2014-06-04T01:56:02Z,6.911149,79.858326,16,16,16,16
10,2014-06-04T01:56:02Z,6.910523,79.858803,17,17,17,17
10,2014-06-04T01:56:02Z,6.910441,79.858867,18,18,18,18
10,2014-06-04T01:56:02Z,6.910258,79.85902,19,19,19,19
10,2014-06-04T01:56:02Z,6.910011,79.859233,20,20,20,20
10,2014-06-04T01:56:02Z,6.909725,79.859653,21,21,21,21
10,2014-06-04T01:56:02Z,6.909466,79.860167,22,22,22,22
10,2014-06-04T01:56:02Z,6.909302,79.860765,23,23,23,23
10,2014-06-04T01:56:02Z,6.909263,79.861139,24,24,24,24
10,2014-06-04T01:56:02Z,6.909289,79.861207,25,25,25,25
10,2014-06-04T01:56:02Z,6.909295,79.861329,26,26,26,26
10,2014-06-04T01:56:02Z,6.909313,79.861526,27,27,27,27
10,2014-06-04T01:56:02Z,6.909345,79.861754,28,28,28,28
10,2014-06-04T01:56:02Z,6.909385,79.861912,29,29,29,29
10,2014-06-04T01:56:02Z,6.90951,79.862352,30,30,30,30
10,2014-06-04T01:56:02Z,6.909585,79.862572,31,31,31,31
10,2014-06-04T01:56:02Z,6.909633,79.862725,32,32,32,32
10,2014-06-04T01:56:02Z,6.909692,79.862874,33,33,33,33
10,2014-06-04T01:56:02Z,6.909751,79.862997,34,34,34,34
10,2014-06-04T01:56:02Z,6.909849,79.863196,35,35,35,35
10,2014-06-04T01:56:02Z,6.909942,79.863335,36,36,36,36
10,2014-06-04T01:56:02Z,6.910051,79.863474,37,37,37,37
10,2014-06-04T01:56:02Z,6.910128,79.863564,38,38,38,38
10,2014-06-04T01:56:02Z,6.910272,79.863725,39,39,39,39
10,2014-06-04T01:56:02Z,6.910523,79.863965,40,40,40,40
10,2014-06-04T01:56:02Z,6.910959,79.864274,5,10,5,10
10,2014-06-04T01:56:02Z,6.911191,79.864379,6,11,6,11
10,2014-06-04T01:56:02Z,6.911387,79.864431,7,12,7,12
10,2014-06-04T01:56:02Z,6.911586,79.864442,8,13,8,13
10,2014-06-04T01:56:02Z,6.911629,79.864408,9,14,9,14
10,2014-06-04T01:56:02Z,6.911681,79.86439,10,15,10,15
10,2014-06-04T01:56:02Z,6.911732,79.86439,11,16,11,16
10,2014-06-04T01:56:02Z,6.911789,79.864411,12,17,12,17
10,2014-06-04T01:56:02Z,6.911832,79.864449,13,18,13,18
10,2014-06-04T01:56:02Z,6.911859,79.8645,14,19,14,19
10,2014-06-04T01:56:02Z,6.912053,79.864595,15,20,15,20
10,2014-06-04T01:56:02Z,6.912158,79.864647,16,21,16,21
10,2014-06-04T01:56:02Z,6.91226,79.864691,17,22,17,22
10,2014-06-04T01:56:02Z,6.912809,79.864741,18,23,18,23
10,2014-06-04T01:56:02Z,6.91326,79.864705,19,24,19,24
10,2014-06-04T01:56:02Z,6.913519,79.864696,20,25,20,25
10,2014-06-04T01:56:02Z,6.913937,79.864695,21,26,21,26
10,2014-06-04T01:56:02Z,6.914122,79.864698,22,27,22,27
10,2014-06-04T01:56:02Z,6.914025,79.864822,23,28,23,28
10,2014-06-04T01:56:02Z,6.913561,79.864804,24,29,24,29
10,2014-06-04T01:56:02Z,6.913479,79.865469,25,30,25,30
10,2014-06-04T01:56:02Z,6.913428,79.866017,26,31,26,31
10,2014-06-04T01:56:02Z,6.913414,79.866016,27,32,27,32