11,2014-06-04T01:56:02Z,6.909508,79.853632,0,0,0,0
11,2014-06-04T01:56:02Z,6.909698,79.854187,1,1,1,1
11,2014-06-04T01:56:02Z,6.909783,79.854433,2,2,2,2
11,2014-06-04T01:56:02Z,6.909937,79.85498,3,3,3,3
11,2014-06-04T01:56:02Z,6.909977,79.855137,4,4,4,4
11,2014-06-04T01:56:02Z,6.910126,79.855233,5,5,5,5
11,2014-06-04T01:56:02Z,6.910382,79.855179,6,6,6,6
11,2014-06-04T01:56:02Z,6.910552,79.855212,7,7,7,7
11,2014-06-04T01:56:02Z,6.910928,79.85662,8,8,8,8
11,2014-06-04T01:56:02Z,6.911441,79.856307,9,9,9,9
11,2014-06-04T01:56:02Z,6.91187,79.856099,10,10,10,10
11,2014-06-04T01:56:02Z,6.91187,79.856079,11,11,11,11
11,2014-06-04T01:56:02Z,6.911936,79.854949,12,12,12,12
11,2014-06-04T01:56:02Z,6.911981,79.853686,13,13,13,13
11,2014-06-04T01:56:02Z,6.912046,79.85205,14,14,14,14
11,2014-06-04T01:56:02Z,6.912137,79.851847,15,15,15,15
11,2014-06-04T01:56:02Z,6.912164,79.85182,16,16,16,16
11,2014-06-04T01:56:02Z,6.912204,79.851804,17,17,17,17
11,2014-06-04T01:56:02Z,6.912252,79.851798,20,20,20,20
11,2014-06-04T01:56:02Z,6.912297,79.851798,20,20,20,20
11,2014-06-04T01:56:02Z,6.912356,79.851828,20,20,20,20
11,2014-06-04T01:56:02Z,6.912404,79.851855,20,20,20,20
11,2014-06-04T01:56:02Z,6.912465,79.851898,20,20,20,20
11,2014-06-04T01:56:02Z,6.912486,79.851962,20,20,20,20
11,2014-06-04T01:56:02Z,6.912692,79.852961,20,20,20,20
11,2014-06-04T01:56:02Z,6.912644,79.853595,20,20,20,20
11,2014-06-04T01:56:02Z,6.912631,79.853772,20,20,20,20
11,2014-06-04T01:56:02Z,6.912644,79.85421,20,20,20,20
11,2014-06-04T01:56:02Z,6.912753,79.854746,20,20,20,20
11,2014-06-04T01:56:02Z,6.912956,79.855597,20,20,20,20
11,2014-06-04T01:56:02Z,6.912978,79.855736,20,20,20,20
11,2014-06-04T01:56:02Z,6.9131,79.856801,20,20,20,20
11,2014-06-04T01:56:02Z,6.913547,79.857584,20,20,20,20
11,2014-06-04T01:56:02Z,6.913564,79.857721,19,19,19,19
11,2014-06-04T01:56:02Z,6.913518,79.857813,18,18,18,18
11,2014-06-04T01:56:02Z,6.913439,79.857882,17,17,17,17
11,2014-06-04T01:56:02Z,6.91326,79.857924,16,16,16,16
11,2014-06-04T01:56:02Z,6.912864,79.857929,15,15,15,15
11,2014-06-04T01:56:02Z,6.912527,79.857944,14,14,14,14
11,2014-06-04T01:56:02Z,6.912248,79.857985,13,13,13,13
11,2014-06-04T01:56:02Z,6.912113,79.858017,12,12,12,12
11,2014-06-04T01:56:02Z,6.9119,79.858244,11,11,11,11
11,2014-06-04T01:56:02Z,6.911793,79.858248,10,10,10,10
11,2014-06-04T01:56:02Z,6.91172,79.858201,9,9,9,9
11,2014-06-04T01:56:02Z,6.911521,79.858244,8,8,8,8
11,2014-06-04T01:56:02Z,6.911149,79.858326,7,7,7,7
11,2014-06-04T01:56:02Z,6.910523,79.858803,6,6,6,6
11,2014-06-04T01:56:02Z,6.910441,79.858867,5,5,5,5
11,2014-06-04T01:56:02Z,6.910258,79.85902,6,6,6,6
11,2014-06-04T01:56:02Z,6.910011,79.859233,7,7,7,7
11,2014-06-04T01:56:02Z,6.909725,79.859653,8,8,8,8
11,2014-06-04T01:56:02Z,6.909466,79.860167,9,9,9,9
11,2014-06-04T01:56:02Z,6.909302,79.860765,10,10,10,10
11,2014-06-04T01:56:02Z,6.909263,79.861139,11,11,11,11
11,2014-06-04T01:56:02Z,6.909227,79.861206,12,12,12,12
11,2014-06-04T01:56:02Z,6.909232,79.861563,13,13,13,13
11,2014-06-04T01:56:02Z,6.909272,79.861866,14,14,14,14
11,2014-06-04T01:56:02Z,6.909277,79.861882,15,15,15,15
11,2014-06-04T01:56:02Z,6.909429,79.862417,16,16,16,16
11,2014-06-04T01:56:02Z,6.909549,79.862777,17,17,17,17
11,2014-06-04T01:56:02Z,6.90981,79.863305,18,18,18,18
11,2014-06-04T01:56:02Z,6.909888,79.863427,19,19,19,19
11,2014-06-04T01:56:02Z,6.908328,79.864634,20,20,20,20
11,2014-06-04T01:56:02Z,6.908246,79.864741,21,21,21,21
11,2014-06-04T01:56:02Z,6.908211,79.864861,22,22,22,22
11,2014-06-04T01:56:02Z,6.908082,79.864864,20,20,20,20
11,2014-06-04T01:56:02Z,6.907974,79.864869,23,23,23,3
11,2014-06-04T01:56:02Z,6.907927,79.864874,15,15,15,15
11,2014-06-04T01:56:02Z,6.907796,79.864938,16,16,16,16
11,2014-06-04T01:56:02Z,6.90574,79.866411,17,17,17,17
11,2014-06-04T01:56:02Z,6.905426,79.866002,18,18,18,18
11,2014-06-04T01:56:02Z,6.90489,79.865736,19,19,19,19
11,2014-06-04T01:56:02Z,6.904672,79.865594,20,20,20,20
11,2014-06-04T01:56:02Z,6.904421,79.865678,21,21,21,21
11,2014-06-04T01:56:02Z,6.90381,79.866137,22,22,22,22
11,2014-06-04T01:56:02Z,6.90415,79.86641,23,23,23,23
11,2014-06-04T01:56:02Z,6.904573,79.866846,24,24,24,24
11,2014-06-04T01:56:02Z,6.904733,79.866877,25,25,25,25
11,2014-06-04T01:56:02Z,6.904993,79.867008,26,26,26,26
11,2014-06-04T01:56:02Z,6.904907,79.867328,27,27,27,27
11,2014-06-04T01:56:02Z,6.904823,79.867539,28,28,28,28
11,2014-06-04T01:56:02Z,6.903929,79.868212,29,29,29,29
11,2014-06-04T01:56:02Z,6.903767,79.86835,30,30,30,30
11,2014-06-04T01:56:02Z,6.903668,79.868498,31,31,31,31
11,2014-06-04T01:56:02Z,6.903645,79.868639,32,32,32,32
11,2014-06-04T01:56:02Z,6.90367,79.868797,33,33,33,33
11,2014-06-04T01:56:02Z,6.903777,79.869022,34,34,34,34
11,2014-06-04T01:56:02Z,6.903921,79.869193,30,30,30,30
11,2014-06-04T01:56:02Z,6.90402,79.869267,26,26,26,26
11,2014-06-04T01:56:02Z,6.904106,79.869293,22,22,22,22
11,2014-06-04T01:56:02Z,6.904279,79.869295,18,18,18,18
11,2014-06-04T01:56:02Z,6.904439,79.869293,14,14,14,14
11,2014-06-04T01:56:02Z,6.904563,79.869242,10,10,10,10
11,2014-06-04T01:56:02Z,6.905309,79.870136,11,11,11,11
11,2014-06-04T01:56:02Z,6.905851,79.870653,12,12,12,12
11,2014-06-04T01:56:02Z,6.906164,79.871071,13,13,13,13
11,2014-06-04T01:56:02Z,6.906475,79.871724,14,14,14,14
11,2014-06-04T01:56:02Z,6.90701,79.87288,15,15,15,15
11,2014-06-04T01:56:02Z,6.90558,79.873477,16,16,16,16
11,2014-06-04T01:56:02Z,6.9063,79.874308,17,17,17,17
11,2014-06-04T01:56:02Z,6.904631,79.874888,18,18,18,18