12,2014-06-04T01:56:02Z,6.93467,79.866096,1,1,1,1
12,2014-06-04T01:56:02Z,6.934625,79.866081,2,2,2,2
12,2014-06-04T01:56:02Z,6.934611,79.866114,3,3,3,3
12,2014-06-04T01:56:02Z,6.934594,79.866137,4,4,4,4
12,2014-06-04T01:56:02Z,6.934567,79.866158,5,5,5,5
12,2014-06-04T01:56:02Z,6.934564,79.86616,6,6,6,6
12,2014-06-04T01:56:02Z,6.934509,79.866177,7,7,7,7
12,2014-06-04T01:56:02Z,6.934451,79.866167,8,8,8,8
12,2014-06-04T01:56:02Z,6.934431,79.866157,9,9,9,9
12,2014-06-04T01:56:02Z,6.934392,79.866116,10,10,10,10
12,2014-06-04T01:56:02Z,6.934027,79.866059,11,11,11,11
12,2014-06-04T01:56:02Z,6.933624,79.865974,12,12,12,12
12,2014-06-04T01:56:02Z,6.933273,79.865867,13,13,13,13
12,2014-06-04T01:56:02Z,6.932417,79.86539,14,14,14,14
12,2014-06-04T01:56:02Z,6.931972,79.86521,15,15,15,15
12,2014-06-04T01:56:02Z,6.931181,79.865124,16,16,16,16
12,2014-06-04T01:56:02Z,6.930281,79.865027,17,17,17,17
12,2014-06-04T01:56:02Z,6.930059,79.864962,18,18,18,18
12,2014-06-04T01:56:02Z,6.929509,79.864697,19,19,19,19
12,2014-06-04T01:56:02Z,6.929152,79.864392,20,20,20,20
12,2014-06-04T01:56:02Z,6.929051,79.864288,21,21,21,21
12,2014-06-04T01:56:02Z,6.928979,79.864211,22,22,22,22
12,2014-06-04T01:56:02Z,6.928875,79.864133,23,23,23,23
12,2014-06-04T01:56:02Z,6.928787,79.864149,24,24,24,24
12,2014-06-04T01:56:02Z,6.928739,79.864208,25,25,25,25
12,2014-06-04T01:56:02Z,6.928585,79.864244,26,26,26,26
12,2014-06-04T01:56:02Z,6.928485,79.864308,27,27,27,27
12,2014-06-04T01:56:02Z,6.928426,79.864315,28,28,28,28
12,2014-06-04T01:56:02Z,6.928385,79.864302,29,29,29,29
12,2014-06-04T01:56:02Z,6.928325,79.864247,30,30,30,30
12,2014-06-04T01:56:02Z,6.928299,79.864172,31,31,31,31
12,2014-06-04T01:56:02Z,6.928268,79.864106,32,32,32,32
12,2014-06-04T01:56:02Z,6.928221,79.864018,33,33,33,33
12,2014-06-04T01:56:02Z,6.928096,79.86368,20,20,20,20
12,2014-06-04T01:56:02Z,6.927904,79.863019,21,21,21,21
12,2014-06-04T01:56:02Z,6.927803,79.86267,22,22,22,22
12,2014-06-04T01:56:02Z,6.927711,79.862449,23,23,23,23
12,2014-06-04T01:56:02Z,6.927602,79.862306,24,24,24,24
12,2014-06-04T01:56:02Z,6.927447,79.86215,25,25,25,25
12,2014-06-04T01:56:02Z,6.927302,79.862037,26,26,26,26
12,2014-06-04T01:56:02Z,6.927105,79.861922,27,27,27,27
12,2014-06-04T01:56:02Z,6.927061,79.861945,28,28,28,28
12,2014-06-04T01:56:02Z,6.927013,79.861952,29,29,29,29
12,2014-06-04T01:56:02Z,6.926965,79.861943,30,30,30,30
12,2014-06-04T01:56:02Z,6.926922,79.861918,31,31,31,31
12,2014-06-04T01:56:02Z,6.92689,79.861881,32,32,32,32
12,2014-06-04T01:56:02Z,6.926871,79.861835,33,33,33,33
12,2014-06-04T01:56:02Z,6.926869,79.861788,34,34,34,34
12,2014-06-04T01:56:02Z,6.92688,79.861743,35,35,35,35
12,2014-06-04T01:56:02Z,6.926906,79.861703,36,36,36,36
12,2014-06-04T01:56:02Z,6.926943,79.861673,37,37,37,37
12,2014-06-04T01:56:02Z,6.926986,79.861657,38,38,38,38
12,2014-06-04T01:56:02Z,6.927023,79.861539,39,39,39,39
12,2014-06-04T01:56:02Z,6.927189,79.860607,40,40,40,40
12,2014-06-04T01:56:02Z,6.927583,79.859674,41,41,41,41
12,2014-06-04T01:56:02Z,6.928302,79.858261,42,42,42,42
12,2014-06-04T01:56:02Z,6.928515,79.857849,43,43,43,43
12,2014-06-04T01:56:02Z,6.928805,79.85736,44,44,44,44
12,2014-06-04T01:56:02Z,6.929137,79.856965,45,45,45,45
12,2014-06-04T01:56:02Z,6.929554,79.85669,46,46,46,46
12,2014-06-04T01:56:02Z,6.930255,79.856261,47,47,47,47
12,2014-06-04T01:56:02Z,6.931031,79.855786,48,48,48,48
12,2014-06-04T01:56:02Z,6.931133,79.855698,49,49,49,49
12,2014-06-04T01:56:02Z,6.931235,79.855552,50,50,50,50
12,2014-06-04T01:56:02Z,6.931319,79.855312,51,51,51,51
12,2014-06-04T01:56:02Z,6.931677,79.853854,52,52,52,52
12,2014-06-04T01:56:02Z,6.931754,79.853577,53,53,53,53
12,2014-06-04T01:56:02Z,6.932014,79.852752,54,54,54,54
12,2014-06-04T01:56:02Z,6.932209,79.851873,55,55,55,55
12,2014-06-04T01:56:02Z,6.932397,79.850823,56,56,56,56
12,2014-06-04T01:56:02Z,6.93253,79.849759,57,57,57,57
12,2014-06-04T01:56:02Z,6.932558,79.849414,58,58,58,58
12,2014-06-04T01:56:02Z,6.932566,79.849308,15,15,15,15
12,2014-06-04T01:56:02Z,6.932595,79.848505,16,16,16,16
12,2014-06-04T01:56:02Z,6.932515,79.847739,17,17,17,17
12,2014-06-04T01:56:02Z,6.932405,79.847142,18,18,18,18
12,2014-06-04T01:56:02Z,6.932351,79.846973,19,19,19,19
12,2014-06-04T01:56:02Z,6.932292,79.846982,20,20,20,20
12,2014-06-04T01:56:02Z,6.932234,79.84697,21,21,21,21
12,2014-06-04T01:56:02Z,6.932177,79.846934,22,22,22,22
12,2014-06-04T01:56:02Z,6.93181,79.846984,23,23,23,23
12,2014-06-04T01:56:02Z,6.931201,79.847067,24,24,24,24
12,2014-06-04T01:56:02Z,6.930852,79.847177,25,25,25,25
12,2014-06-04T01:56:02Z,6.92928,79.848163,26,26,26,26
12,2014-06-04T01:56:02Z,6.929248,79.848184,27,27,27,27
12,2014-06-04T01:56:02Z,6.928778,79.848666,28,28,28,28
12,2014-06-04T01:56:02Z,6.927831,79.849515,29,29,29,29
12,2014-06-04T01:56:02Z,6.927707,79.849733,30,30,30,30
12,2014-06-04T01:56:02Z,6.927722,79.849779,31,31,31,31
12,2014-06-04T01:56:02Z,6.927724,79.849826,30,30,30,30
12,2014-06-04T01:56:02Z,6.927713,79.849871,29,29,29,29
12,2014-06-04T01:56:02Z,6.927685,79.849922,28,28,28,28
12,2014-06-04T01:56:02Z,6.927622,79.850045,27,27,27,27
12,2014-06-04T01:56:02Z,6.927152,79.851144,26,26,26,26
12,2014-06-04T01:56:02Z,6.926904,79.851306,25,25,25,25
12,2014-06-04T01:56:02Z,6.926749,79.851376,24,24,24,24
12,2014-06-04T01:56:02Z,6.926223,79.851484,23,23,23,23
12,2014-06-04T01:56:02Z,6.925468,79.851704,22,22,22,22
12,2014-06-04T01:56:02Z,6.924781,79.851903,21,21,21,21
12,2014-06-04T01:56:02Z,6.9245,79.851979,20,20,20,20
12,2014-06-04T01:56:02Z,6.923005,79.85238,19,19,19,19
12,2014-06-04T01:56:02Z,6.923035,79.852327,18,18,18,18
12,2014-06-04T01:56:02Z,6.922513,79.850945,17,17,17,17
12,2014-06-04T01:56:02Z,6.923889,79.850682,16,16,16,16
12,2014-06-04T01:56:02Z,6.923823,79.849929,15,15,15,15
12,2014-06-04T01:56:02Z,6.923782,79.849627,14,14,14,14
12,2014-06-04T01:56:02Z,6.923759,79.849522,13,13,13,13
12,2014-06-04T01:56:02Z,6.923564,79.84853,12,12,12,12
12,2014-06-04T01:56:02Z,6.923517,79.848346,11,11,11,11
12,2014-06-04T01:56:02Z,6.923362,79.848165,10,10,10,10
12,2014-06-04T01:56:02Z,6.92325,79.848308,12,12,12,12
12,2014-06-04T01:56:02Z,6.922421,79.848544,14,14,14,14
12,2014-06-04T01:56:02Z,6.921079,79.84878,16,16,16,16
12,2014-06-04T01:56:02Z,6.92007,79.849024,18,18,18,18
12,2014-06-04T01:56:02Z,6.919964,79.849047,20,20,20,20
12,2014-06-04T01:56:02Z,6.91898,79.849263,22,22,22,22
12,2014-06-04T01:56:02Z,6.918383,79.849466,24,24,24,24
12,2014-06-04T01:56:02Z,6.918225,79.849551,26,26,26,26
12,2014-06-04T01:56:02Z,6.918113,79.849633,28,28,28,28
12,2014-06-04T01:56:02Z,6.917703,79.850012,30,30,30,30
12,2014-06-04T01:56:02Z,6.917447,79.850176,32,32,32,32
12,2014-06-04T01:56:02Z,6.916697,79.850605,34,34,34,34
12,2014-06-04T01:56:02Z,6.916661,79.85071,36,36,36,36
12,2014-06-04T01:56:02Z,6.916601,79.850934,38,38,38,38
12,2014-06-04T01:56:02Z,6.916521,79.851175,40,40,40,40
12,2014-06-04T01:56:02Z,6.916516,79.851502,42,42,42,42
12,2014-06-04T01:56:02Z,6.916536,79.851842,44,44,44,44
12,2014-06-04T01:56:02Z,6.916552,79.852423,46,46,46,46
12,2014-06-04T01:56:02Z,6.916225,79.852458,48,48,48,48
12,2014-06-04T01:56:02Z,6.915788,79.852501,50,50,50,50
12,2014-06-04T01:56:02Z,6.915153,79.852558,52,52,52,52
12,2014-06-04T01:56:02Z,6.914685,79.852567,54,54,54,54
12,2014-06-04T01:56:02Z,6.91466,79.852571,50,50,50,50
12,2014-06-04T01:56:02Z,6.91466,79.852613,46,46,46,46
12,2014-06-04T01:56:02Z,6.914726,79.853214,42,42,42,42
12,2014-06-04T01:56:02Z,6.914742,79.853357,38,38,38,38
12,2014-06-04T01:56:02Z,6.914252,79.853408,34,34,34,34
12,2014-06-04T01:56:02Z,6.913996,79.853407,30,30,30,30
12,2014-06-04T01:56:02Z,6.913806,79.852678,26,26,26,26
12,2014-06-04T01:56:02Z,6.913559,79.851794,22,22,22,22
12,2014-06-04T01:56:02Z,6.913273,79.85113,18,18,18,18
12,2014-06-04T01:56:02Z,6.913007,79.85127,14,14,14,14
12,2014-06-04T01:56:02Z,6.91236,79.851519,10,10,10,10
12,2014-06-04T01:56:02Z,6.912368,79.85155,6,6,6,6
12,2014-06-04T01:56:02Z,6.91237,79.851589,7,7,7,7
12,2014-06-04T01:56:02Z,6.912391,79.851726,8,8,8,8
12,2014-06-04T01:56:02Z,6.912465,79.851898,9,9,9,9
12,2014-06-04T01:56:02Z,6.912486,79.851962,10,10,10,10
12,2014-06-04T01:56:02Z,6.912692,79.852961,11,11,11,11
12,2014-06-04T01:56:02Z,6.912644,79.853595,12,12,12,12
12,2014-06-04T01:56:02Z,6.911981,79.853686,13,13,13,13
12,2014-06-04T01:56:02Z,6.911759,79.853743,14,14,14,14
12,2014-06-04T01:56:02Z,6.911157,79.853944,15,15,15,15
12,2014-06-04T01:56:02Z,6.910752,79.852871,16,16,16,16
12,2014-06-04T01:56:02Z,6.910235,79.852071,17,17,17,17
12,2014-06-04T01:56:02Z,6.909677,79.852277,18,18,18,18
12,2014-06-04T01:56:02Z,6.909859,79.852907,19,19,19,19
12,2014-06-04T01:56:02Z,6.910144,79.853321,20,20,20,20
12,2014-06-04T01:56:02Z,6.91055,79.854162,21,21,21,21
12,2014-06-04T01:56:02Z,6.909783,79.854433,22,22,22,22
12,2014-06-04T01:56:02Z,6.908437,79.854966,23,23,23,23
12,2014-06-04T01:56:02Z,6.908381,79.854665,24,24,24,24
12,2014-06-04T01:56:02Z,6.908094,79.853839,25,25,25,25
12,2014-06-04T01:56:02Z,6.907804,79.853914,26,26,26,26
12,2014-06-04T01:56:02Z,6.908168,79.855072,27,27,27,27
12,2014-06-04T01:56:02Z,6.908345,79.855633,28,28,28,28
12,2014-06-04T01:56:02Z,6.907125,79.856104,29,29,29,29
12,2014-06-04T01:56:02Z,6.90533,79.856797,30,30,30,30
12,2014-06-04T01:56:02Z,6.904903,79.855592,31,31,31,31
12,2014-06-04T01:56:02Z,6.904644,79.854862,32,32,32,32
12,2014-06-04T01:56:02Z,6.904388,79.854007,33,33,33,33
12,2014-06-04T01:56:02Z,6.903816,79.854197,34,34,34,34
12,2014-06-04T01:56:02Z,6.903447,79.854319,35,35,35,35
12,2014-06-04T01:56:02Z,6.903041,79.854454,36,36,36,36
12,2014-06-04T01:56:02Z,6.903335,79.855488,37,37,37,37
12,2014-06-04T01:56:02Z,6.903389,79.855705,38,38,38,38
12,2014-06-04T01:56:02Z,6.903501,79.855684,39,39,39,39
12,2014-06-04T01:56:02Z,6.903602,79.855695,40,40,40,40
12,2014-06-04T01:56:02Z,6.903753,79.85577,41,41,41,41
12,2014-06-04T01:56:02Z,6.903836,79.855865,42,42,42,42
12,2014-06-04T01:56:02Z,6.90387,79.855932,43,43,43,43
12,2014-06-04T01:56:02Z,6.903895,79.85607,44,44,44,44
12,2014-06-04T01:56:02Z,6.903857,79.856236,45,45,45,45
12,2014-06-04T01:56:02Z,6.903773,79.856351,46,46,46,46
12,2014-06-04T01:56:02Z,6.903688,79.856411,47,47,47,47
12,2014-06-04T01:56:02Z,6.903623,79.856438,48,48,48,48
12,2014-06-04T01:56:02Z,6.903502,79.856454,49,49,49,49
12,2014-06-04T01:56:02Z,6.903338,79.856411,50,50,50,50
12,2014-06-04T01:56:02Z,6.903224,79.856322,51,51,51,51
12,2014-06-04T01:56:02Z,6.903151,79.856164,49,49,49,49
12,2014-06-04T01:56:02Z,6.902603,79.856355,47,47,47,47
12,2014-06-04T01:56:02Z,6.902295,79.855346,45,45,45,45
12,2014-06-04T01:56:02Z,6.902107,79.854763,43,43,43,43
12,2014-06-04T01:56:02Z,6.900989,79.855111,41,41,41,41
12,2014-06-04T01:56:02Z,6.89949,79.855638,39,39,39,39
12,2014-06-04T01:56:02Z,6.89876,79.855896,37,37,37,37
12,2014-06-04T01:56:02Z,6.897868,79.856214,35,35,35,35
12,2014-06-04T01:56:02Z,6.89724,79.85637,33,33,33,33
12,2014-06-04T01:56:02Z,6.896846,79.8565,31,31,31,31
12,2014-06-04T01:56:02Z,6.896504,79.856607,29,29,29,29
12,2014-06-04T01:56:02Z,6.896039,79.856762,27,27,27,27
12,2014-06-04T01:56:02Z,6.896983,79.859398,25,25,25,25
12,2014-06-04T01:56:02Z,6.897235,79.859668,23,23,23,23
12,2014-06-04T01:56:02Z,6.897282,79.859697,21,21,21,21
12,2014-06-04T01:56:02Z,6.89731,79.85973,19,19,19,19
12,2014-06-04T01:56:02Z,6.897323,79.859758,17,17,17,17
12,2014-06-04T01:56:02Z,6.897332,79.859814,15,15,15,15
12,2014-06-04T01:56:02Z,6.897323,79.859862,13,13,13,13
12,2014-06-04T01:56:02Z,6.897284,79.859922,11,11,11,11
12,2014-06-04T01:56:02Z,6.897244,79.859949,9,9,9,9
12,2014-06-04T01:56:02Z,6.897197,79.859961,7,7,7,7
12,2014-06-04T01:56:02Z,6.897147,79.859958,8,8,8,8
12,2014-06-04T01:56:02Z,6.897096,79.859936,9,9,9,9
12,2014-06-04T01:56:02Z,6.897083,79.859923,10,10,10,10
12,2014-06-04T01:56:02Z,6.89679,79.859931,11,11,11,11
12,2014-06-04T01:56:02Z,6.896057,79.86042,12,12,12,12
12,2014-06-04T01:56:02Z,6.894843,79.86118,13,13,13,13
12,2014-06-04T01:56:02Z,6.894766,79.861228,14,14,14,14
12,2014-06-04T01:56:02Z,6.894366,79.861511,15,15,15,15
12,2014-06-04T01:56:02Z,6.894076,79.861763,16,16,16,16
12,2014-06-04T01:56:02Z,6.893545,79.861884,17,17,17,17
12,2014-06-04T01:56:02Z,6.89277,79.862062,18,18,18,18
12,2014-06-04T01:56:02Z,6.891968,79.862463,19,19,19,19
12,2014-06-04T01:56:02Z,6.891365,79.863015,20,20,20,20
12,2014-06-04T01:56:02Z,6.891151,79.863272,21,21,21,21
12,2014-06-04T01:56:02Z,6.890911,79.863579,22,22,22,22
12,2014-06-04T01:56:02Z,6.890585,79.863686,23,23,23,23
12,2014-06-04T01:56:02Z,6.890408,79.863738,21,21,21,21
12,2014-06-04T01:56:02Z,6.889553,79.863938,19,19,19,19
12,2014-06-04T01:56:02Z,6.888115,79.86425,17,17,17,17
12,2014-06-04T01:56:02Z,6.887857,79.864388,15,15,15,15
12,2014-06-04T01:56:02Z,6.886919,79.864869,13,13,13,13
12,2014-06-04T01:56:02Z,6.886482,79.865169,11,11,11,11
12,2014-06-04T01:56:02Z,6.886377,79.86526,9,9,9,9
12,2014-06-04T01:56:02Z,6.88604,79.865671,7,7,7,7
12,2014-06-04T01:56:02Z,6.885779,79.865995,5,5,5,5
12,2014-06-04T01:56:02Z,6.885524,79.866381,6,6,6,6
12,2014-06-04T01:56:02Z,6.885383,79.866599,7,7,7,7
12,2014-06-04T01:56:02Z,6.885202,79.866925,8,8,8,8
12,2014-06-04T01:56:02Z,6.885191,79.867275,9,9,9,9
12,2014-06-04T01:56:02Z,6.88534,79.867489,10,10,10,10
12,2014-06-04T01:56:02Z,6.885698,79.868028,11,11,11,11
12,2014-06-04T01:56:02Z,6.885994,79.868502,12,12,12,12
12,2014-06-04T01:56:02Z,6.886159,79.868745,13,13,13,13
12,2014-06-04T01:56:02Z,6.886289,79.868964,14,14,14,14
12,2014-06-04T01:56:02Z,6.886337,79.86902,15,15,15,15
12,2014-06-04T01:56:02Z,6.886494,79.869302,16,16,16,16
12,2014-06-04T01:56:02Z,6.886601,79.869518,17,17,17,17
12,2014-06-04T01:56:02Z,6.886646,79.869602,18,18,18,18
12,2014-06-04T01:56:02Z,6.886666,79.869671,19,19,19,19
12,2014-06-04T01:56:02Z,6.886669,79.869726,20,20,20,20
12,2014-06-04T01:56:02Z,6.886664,79.869786,21,21,21,21
12,2014-06-04T01:56:02Z,6.886507,79.870514,22,22,22,22
12,2014-06-04T01:56:02Z,6.886451,79.870855,23,23,23,23
12,2014-06-04T01:56:02Z,6.886446,79.870931,24,24,24,24
12,2014-06-04T01:56:02Z,6.886446,79.870996,25,25,25,25
12,2014-06-04T01:56:02Z,6.886568,79.87095,26,26,26,26
12,2014-06-04T01:56:02Z,6.886856,79.870847,27,27,27,27
12,2014-06-04T01:56:02Z,6.887099,79.870744,28,28,28,28
12,2014-06-04T01:56:02Z,6.887227,79.870694,29,29,29,29
12,2014-06-04T01:56:02Z,6.887362,79.870663,30,30,30,30
12,2014-06-04T01:56:02Z,6.887589,79.870634,31,31,31,31
12,2014-06-04T01:56:02Z,6.887807,79.870614,32,32,32,32
12,2014-06-04T01:56:02Z,6.887931,79.870613,33,33,33,33
12,2014-06-04T01:56:02Z,6.888147,79.870623,34,34,34,34
12,2014-06-04T01:56:02Z,6.888171,79.870615,35,35,35,35
12,2014-06-04T01:56:02Z,6.888198,79.870597,36,36,36,36
12,2014-06-04T01:56:02Z,6.888225,79.87056,20,20,20,20
12,2014-06-04T01:56:02Z,6.888257,79.870535,0,0,0,0